Total num of bh is 470
  700: (476,401),(688,431)   14  192479296 

(476,401)[593.276331][683.865659][90.589327] (485,401)[1270.953234][1441.744434][170.791200] (506,407)[483.184278][586.623490][103.439212] (514,407)[1323.014491][1549.154874][226.140383] (535,412)[1067.301365][1363.825913][296.524548] (554,413)[1125.491923][1236.287268][110.795344] (571,419)[1710.218301][1914.061676][203.843375] (598,422)[808.987400][1014.636836][205.649436] (612,426)[1224.028882][1291.648143][67.619261] (630,424)[528.612762][569.971704][41.358941] (637,425)[623.822053][764.733068][140.911014] (647,430)[1429.883871][1557.919560][128.035690] (668,431)[750.300137][783.994115][33.693978] (678,434)[781.526262][800.613622][19.087359] 

  480: (292,326),(451,391)   10  160 

(292,326)[686.944430][698.018150][11.073720] (301,328)[593.698256][620.116143][26.417887] (309,332)[512.538964][549.584818][37.045854] (316,333)[858.462298][968.820524][110.358226] (329,341)[2027.299095][2275.353027][248.053933] (361,356)[767.215768][919.941575][152.725807] (374,359)[2092.864052][2433.950138][341.086086] (409,377)[913.296814][1072.053881][158.757067] (424,382)[763.172105][902.406745][139.234640] (436,388)[988.434535][1097.468284][109.033749] 

   76: (417,215),(109,104)   22  312 

(417,215)[276.304718][300.959023][24.654304] (414,213)[537.321142][559.163393][21.842251] (407,212)[2010.365230][2073.955795][63.590565] (379,198)[966.552954][1017.023667][50.470714] (366,194)[807.091773][818.251616][11.159842] (355,197)[532.583288][547.304739][14.721451] (348,195)[613.366363][631.232785][17.866422] (343,187)[460.876490][483.348280][22.471790] (337,183)[1285.721148][1357.072712][71.351563] (319,177)[2141.362982][2256.510873][115.147891] (289,163)[3442.599005][3594.005428][151.406424] (239,145)[1011.378946][1050.854962][39.476016] (225,137)[672.211727][697.522169][25.310442] (216,129)[1233.824648][1328.921386][95.096738] (199,121)[422.803297][451.055393][28.252097] (194,121)[571.733727][605.549510][33.815784] (187,115)[1141.005405][1179.731048][38.725642] (171,118)[673.185133][694.923275][21.738142] (162,109)[872.489452][918.300475][45.811023] (150,102)[608.184441][631.952705][23.768265] (142,102)[954.150354][971.088497][16.938143] (128, 99)[1249.778736][1263.820611][14.041875] 

  661: (168,726),(201,739)    3   41 

(168,726)[1516.672010][1801.742915][285.070905] (199,730)[208.762408][240.466986][31.704579] (202,733)[347.337735][433.379163][86.041428] 

  626: (167,719),(223,724)    6   64 

(167,719)[431.446089][453.307018][21.860929] (174,718)[521.273872][556.308510][35.034638] (183,710)[400.454869][444.421225][43.966356] (192,710)[1525.162120][1722.420301][197.258182] (221,715)[177.121486][196.132862][19.011376] (223,717)[438.426523][510.039252][71.612729] 

  461: (262,308),(302,319)    5   41 

(262,308)[662.837543][703.022795][40.185252] (272,306)[484.340241][597.168458][112.828218] (281,311)[463.439173][609.385934][145.946761] (290,312)[219.999066][250.899183][30.900117] (293,315)[506.473234][557.779061][51.305827] 

  389: (131,239),(225,278)   10   97 

(131,239)[427.670825][443.690614][16.019790] (139,239)[690.923156][708.006724][17.083568] (152,247)[907.060228][987.803842][80.743614] (172,252)[626.224134][660.273088][34.048953] (186,262)[404.140628][412.556697][8.416070] (193,263)[374.218859][395.678273][21.459414] (197,269)[226.073791][241.874367][15.800577] (200,267)[591.805003][649.604405][57.799402] (212,271)[241.480253][276.776652][35.296399] (217,275)[366.408900][417.215551][50.806651] 

  491: (352,343),(448,385)    8   97 

(352,343)[407.356501][412.405383][5.048882] (359,344)[625.139151][654.312555][29.173404] (371,351)[778.295044][827.197410][48.902366] (386,355)[484.060170][511.997266][27.937096] (395,361)[696.822025][762.437545][65.615520] (409,366)[920.970256][969.430632][48.460375] (426,376)[690.310378][740.910498][50.600120] (437,379)[684.956278][740.183497][55.227219] 

   96: (559,233),(633,240)    9   75 

(559,233)[604.160730][629.332619][25.171888] (567,235)[329.683098][339.820056][10.136958] (571,238)[673.556044][695.665580][22.109536] (580,237)[624.591684][676.130536][51.538852] (589,233)[453.347217][493.060908][39.713692] (595,233)[307.337348][328.622593][21.285245] (599,235)[1055.113448][1132.422329][77.308881] (615,237)[606.064646][660.513177][54.448531] (624,240)[689.272635][701.344524][12.071889] 

  312: (222,125),(354,182)    6  134 

(222,125)[519.674160][525.193666][5.519506] (227,131)[1973.466785][2027.050929][53.584144] (253,143)[1429.580786][1489.638894][60.058108] (272,147)[936.704940][966.134113][29.429173] (284,155)[1774.305317][1842.526379][68.221062] (308,163)[3324.645555][3414.772740][90.127185] 

   75: (533,175),(571, 17)   13  165 

(533,175)[267.987355][274.076499][6.089144] (535,178)[753.192257][771.898692][18.706435] (539,168)[1449.373614][1485.202191][35.828577] (540,148)[742.596411][761.302711][18.706301] (545,138)[600.073199][626.263180][26.189981] (546,130)[1487.894209][1521.261291][33.367082] (553,109)[622.115426][647.396912][25.281486] (553,101)[547.586457][561.576538][13.990081] (556, 94)[956.975895][983.975455][26.999560] (557, 81)[1066.802136][1097.189959][30.387822] (561, 66)[1241.669385][1260.446627][18.777242] (563, 49)[1843.213758][1881.534541][38.320783] (571, 23)[476.125453][481.008322][4.882869] 

  380: ( 99,231),(159,255)    4   61 

( 99,231)[691.809587][738.683148][46.873561] (110,233)[2014.930456][2151.339767][136.409310] (142,252)[675.386058][738.308427][62.922369] (152,256)[488.212072][525.854808][37.642736] 

  186: ( 89,  1),(147,  1)    5   59 

( 89,  1)[750.068261][799.053609][48.985348] ( 99, 10)[1222.096048][1348.067198][125.971150] (117, 22)[546.889702][575.918538][29.028836] (125, 20)[768.762449][818.866659][50.104210] (137, 11)[700.959239][722.423695][21.464456] 

  518: (564,406),(529,407)    3   36 

(564,406)[585.392963][720.573359][135.180396] (551,406)[460.134897][541.032730][80.897833] (541,408)[673.562120][729.877562][56.315441] 

  525: (684,417),(741,438)    8   90 

(684,417)[234.866673][239.237595][4.370922] (682,414)[413.988902][426.889172][12.900270] (676,413)[488.503311][494.668142][6.164831] (673,420)[384.511158][387.335706][2.824548] (673,425)[464.082388][469.261376][5.178988] (679,428)[924.612119][1023.569178][98.957059] (694,428)[1227.062488][1297.511837][70.449349] (712,436)[2117.843722][2172.548966][54.705244] 

  346: (358,186),(412,202)    3   55 

(358,186)[670.579933][683.215397][12.635464] (367,185)[1867.311893][2033.197235][165.885342] (394,197)[1272.028160][1337.174692][65.146533] 

  129: (473,353),(529,281)    3   74 

(473,353)[3583.159451][3749.945932][166.786481] (515,296)[671.473953][711.112427][39.638474] (525,287)[406.551830][426.311749][19.759920] 

  376: (457,226),(505,256)    9   77 

(457,226)[866.251989][908.717583][42.465594] (469,230)[884.237128][929.269984][45.032856] (481,231)[1679.604883][1759.872821][80.267938] (504,237)[594.765622][620.584041][25.818419] (511,245)[382.094845][383.632093][1.537249] (506,250)[421.599522][432.573462][10.973941] (500,249)[236.837006][239.763388][2.926383] (498,252)[292.089982][295.988615][3.898633] (502,256)[237.492668][242.982956][5.490288] 

  370: (477,220),(517,228)    3   41 

(477,220)[392.382190][404.972432][12.590242] (482,224)[1404.243755][1520.850262][116.606506] (503,225)[917.377257][1002.882255][85.504997] 

   33: (520, 48),(528,  1)    3   48 

(520, 48)[1128.802974][1245.533146][116.730172] (521, 30)[932.508531][995.450379][62.941848] (526, 16)[1071.777647][1104.966856][33.189209] 

  409: (157,258),(209,281)    3   53 

(157,258)[980.237218][1000.746465][20.509247] (170,265)[712.237464][744.147657][31.910193] (180,266)[1804.022643][1964.137786][160.115143] 

  619: ( 27,707),( 57,711)    3   31 

( 27,707)[407.076118][454.175305][47.099187] ( 34,706)[569.406832][642.654398][73.247567] ( 44,710)[782.782615][873.664686][90.882071] 

  222: (565, 20),(552, 82)    7   63 

(565, 20)[625.937192][644.306520][18.369328] (563, 29)[910.038934][952.560388][42.521454] (556, 43)[1231.376192][1302.276539][70.900347] (554, 62)[179.697323][182.975181][3.277858] (552, 64)[500.898818][524.932172][24.033354] (550, 71)[534.067753][564.406083][30.338330] (550, 79)[247.619165][266.238764][18.619599] 

  524: (570,412),(618,421)    5   49 

(570,412)[634.061319][652.130260][18.068941] (579,416)[398.358945][431.186686][32.827741] (585,413)[1061.694720][1150.824314][89.129594] (607,415)[355.865869][383.958479][28.092611] (614,420)[235.488316][268.912626][33.424310] 

  437: (212,284),(278,319)    5   67 

(212,284)[488.712680][496.297875][7.585196] (218,290)[1051.305564][1116.272982][64.967417] (233,297)[903.093513][951.176786][48.083273] (246,300)[1512.028202][1574.949993][62.921792] (268,315)[793.856946][800.523261][6.666315] 

  627: (  1,711),(  6,722)    2   17 

(  1,711)[509.812698][566.355281][56.542583] (  8,713)[566.383326][698.412876][132.029551] 

  434: (211,280),(245,289)    6   37 

(211,280)[415.588538][473.516378][57.927841] (218,280)[356.387254][435.752845][79.365591] (225,283)[313.220576][325.923507][12.702931] (230,283)[677.353729][701.276787][23.923058] (242,293)[201.267171][207.173964][5.906793] (245,291)[149.448294][156.234343][6.786049] 

   66: (442,118),(453,212)   11  125 

(442,118)[1697.960505][1736.167433][38.206927] (464,124)[1279.133188][1295.188983][16.055795] (480,134)[527.709047][533.633764][5.924717] (486,136)[378.781027][383.172655][4.391628] (489,140)[906.769066][921.474625][14.705559] (484,151)[902.301657][913.201033][10.899376] (482,162)[1038.910195][1060.204426][21.294230] (483,175)[1110.309531][1134.168816][23.859284] (478,189)[1205.979161][1226.139774][20.160613] (463,201)[581.624851][607.674541][26.049689] (458,208)[454.126163][458.860709][4.734546] 

   78: (417,215),(444,223)    1   28 

(417,215)[1960.047422][2146.264585][186.217162] 

   74: (533,175),(523,237)    5   63 

(533,175)[512.949909][525.689945][12.740036] (528,182)[735.688689][743.916483][8.227794] (528,192)[2060.533645][2197.201494][136.667849] (518,222)[796.856956][817.734578][20.877622] (520,233)[342.236182][345.381795][3.145613] 

  256: ( 38, 47),(146, 95)    6  109 

( 38, 47)[367.954412][369.470507][1.516095] ( 42, 46)[809.459243][814.775012][5.315769] ( 52, 56)[827.614788][843.518433][15.903645] ( 62, 61)[1126.594377][1163.238542][36.644165] ( 76, 62)[3695.495670][3794.630637][99.134967] (124, 91)[1689.177617][1712.067712][22.890095] 

  495: (472,357),(477,384)    9   49 

(472,357)[713.185383][750.682156][37.496772] (482,357)[329.440279][349.071609][19.631329] (486,358)[245.070533][250.277905][5.207372] (487,361)[188.075806][191.779488][3.703682] (485,363)[200.160408][210.818489][10.658082] (483,361)[342.012534][353.946240][11.933706] (479,362)[408.811157][426.897413][18.086256] (484,366)[777.637502][828.905186][51.267684] (476,378)[364.423263][377.434123][13.010860] 

  202: (585,  1),(545,151)    9  151 

(585,  1)[419.000126][422.915116][3.914990] (585,  6)[1385.580053][1401.441664][15.861610] (575, 25)[1403.670031][1436.574027][32.903996] (569, 45)[3299.104650][3340.503050][41.398399] (562, 92)[1004.096971][1024.943650][20.846680] (557,106)[1437.047650][1456.481406][19.433756] (555,126)[666.400172][676.084527][9.684355] (551,135)[796.066382][815.674404][19.608022] (549,146)[403.396708][410.132560][6.735851] 

  640: ( 94,724),( 79,739)    5   35 

( 94,724)[121.536932][127.282826][5.745893] ( 96,722)[261.091724][294.746842][33.655118] ( 92,717)[430.283953][473.243394][42.959442] ( 85,719)[862.244465][909.159677][46.915212] ( 79,733)[422.753114][454.922790][32.169676] 

  174: (340,715),(404,729)    9  141 

(340,715)[625.546862][630.000581][4.453719] (332,709)[934.031114][942.205174][8.174061] (320,707)[1312.510503][1331.169681][18.659178] (302,698)[648.921436][656.554424][7.632988] (310,690)[573.364661][612.637318][39.272657] (317,691)[938.504601][966.564772][28.060171] (329,702)[886.972925][902.559684][15.586759] (341,707)[951.974265][960.534830][8.560565] (354,715)[3730.659384][3760.966022][30.306638] 

  378: (509,230),(544,252)    8   73 

(509,230)[591.129706][596.196815][5.067109] (516,237)[1238.647991][1305.063136][66.415145] (525,254)[546.213431][563.942095][17.728664] (532,261)[1019.334756][1058.789972][39.455216] (541,275)[276.135478][285.967223][9.831745] (544,275)[336.505476][340.897702][4.392226] (548,272)[638.293473][647.315118][9.021645] (544,264)[951.843173][960.604869][8.761696] 

  527: (497,417),(411,715)   11  299 

(497,417)[1825.652862][1860.064983][34.412122] (491,442)[2723.057864][2730.524018][7.466154] (478,479)[1641.402401][1649.095803][7.693402] (473,501)[787.052858][794.925373][7.872515] (469,511)[2645.390007][2663.461450][18.071443] (460,547)[1502.557323][1515.191582][12.634259] (453,567)[1217.848330][1227.000028][9.151698] (450,583)[1949.143820][1962.275035][13.131215] (441,609)[1237.638963][1243.172112][5.533149] (438,625)[1251.505335][1259.605606][8.100271] (432,641)[5440.016661][5470.017742][30.001081] 

   91: ( 92,229),( 73,222)    3   24 

( 92,229)[431.152322][439.590107][8.437785] ( 90,223)[320.403754][383.118518][62.714764] ( 85,221)[752.129884][834.189582][82.059698] 

  509: (473,395),(513,399)    3   41 

(473,395)[871.568720][901.470255][29.901535] (487,393)[946.206708][1047.300452][101.093744] (505,396)[475.829361][496.500158][20.670796] 

  511: (527,399),(511,402)    3   17 

(527,399)[281.762085][315.204054][33.441969] (522,401)[169.026297][207.461861][38.435564] (519,400)[397.058097][472.954017][75.895920] 

  263: (539, 57),(514, 75)   14   67 

(539, 57)[228.389964][239.419566][11.029603] (538, 54)[341.251395][354.783399][13.532004] (543, 53)[268.756742][278.608381][9.851639] (547, 57)[648.118237][668.563835][20.445598] (536, 60)[211.492023][219.545996][8.053974] (533, 63)[279.295006][283.013251][3.718245] (529, 62)[150.584077][155.273767][4.689690] (528, 64)[558.637290][567.743830][9.106540] (537, 70)[164.249570][171.387857][7.138287] (537, 72)[164.472147][169.968138][5.495990] (535, 74)[483.947403][498.139566][14.192163] (527, 76)[347.139616][360.907104][13.767488] (522, 74)[172.805104][187.058108][14.253004] (520, 76)[461.822939][471.549713][9.726774] 

  276: (  1, 70),(111, 89)   10  133 

(  1, 70)[1053.445638][1075.166137][21.720499] ( 17, 70)[872.040409][883.805862][11.765453] ( 27, 83)[1640.493304][1669.623468][29.130165] ( 52, 93)[2572.633943][2623.833558][51.199615] ( 92,117)[421.766183][428.483053][6.716870] ( 98,117)[420.833608][425.320296][4.486689] (104,113)[771.695201][780.614127][8.918926] (103,102)[530.529940][534.136429][3.606489] (107, 95)[470.343156][473.970138][3.626982] (113, 91)[210.042459][211.323572][1.281113] 

  185: ( 67,  1),(  1, 38)    4   67 

( 67,  1)[832.908695][841.429961][8.521266] ( 57,  5)[1696.853064][1754.784635][57.931571] ( 34, 18)[1582.639656][1633.385244][50.745588] ( 13, 33)[937.015964][961.228324][24.212360] 

   73: (533,175),(542,131)    3   45 

(533,175)[2271.480814][2381.107999][109.627185] (537,142)[387.248706][408.621090][21.372384] (541,137)[483.827776][491.922271][8.094495] 

   70: (493,157),(513, 79)    5   79 

(493,157)[963.652716][990.541241][26.888525] (499,142)[821.158085][847.634791][26.476706] (498,130)[1950.930752][1993.274240][42.343489] (504,102)[1385.361948][1415.473169][30.111221] (513, 82)[265.307410][271.296752][5.989342] 

  173: (100,710),(111,719)    2   13 

(100,710)[202.347955][260.986940][58.638985] (104,711)[354.504780][424.413732][69.908952] 

  358: (515,207),(486,217)    4   38 

(515,207)[504.888095][517.666149][12.778054] (516,214)[678.356779][704.394157][26.037378] (506,219)[905.975942][976.409190][70.433248] (491,219)[325.305350][344.284800][18.979449] 

   72: (493,157),(531,156)    3   39 

(493,157)[826.408638][860.303195][33.894558] (507,159)[660.500132][715.432068][54.931936] (518,156)[805.400957][844.272621][38.871665] 

  522: (715,410),(727,421)    8   44 

(715,410)[519.638331][529.018498][9.380167] (706,415)[324.790944][340.983479][16.192535] (701,421)[122.231448][151.157888][28.926440] (701,423)[191.876410][211.292770][19.416361] (704,424)[475.274716][506.971843][31.697127] (712,420)[428.892463][435.027339][6.134876] (718,420)[300.353481][306.886824][6.533343] (722,417)[359.111077][366.678328][7.567251] 

  656: ( 66,723),( 62,739)    1   17 

( 66,723)[578.543316][696.547748][118.004432] 

  647: ( 90,720),( 90,739)    3   20 

( 90,720)[238.232063][247.388312][9.156249] ( 88,723)[340.931828][392.446579][51.514751] ( 90,729)[500.109746][555.190098][55.080352] 

  399: (515,252),(547,296)    5   54 

(515,252)[508.411571][533.574003][25.162432] (514,258)[1229.853951][1276.750416][46.896465] (530,271)[1225.207498][1264.478761][39.271263] (533,288)[662.249757][662.900969][0.651212] (541,294)[536.548285][539.998862][3.450577] 

  172: (100,710),( 90,699)    4   25 

(100,710)[368.833529][452.659653][83.826123] ( 93,712)[399.439765][414.369162][14.929397] ( 87,710)[539.933610][552.806258][12.872648] ( 90,703)[352.597943][355.071369][2.473426] 

  418: ( 27,264),(  1,266)    3   27 

( 27,264)[265.408945][270.182461][4.773516] ( 24,267)[1114.392138][1138.833772][24.441634] (  9,268)[558.699641][640.978431][82.278790] 

  401: (158,253),(169,256)    1   12 

(158,253)[572.003582][682.351443][110.347861] 

   92: ( 92,229),( 49,225)    3   44 

( 92,229)[1106.574424][1124.540812][17.966389] ( 77,228)[636.286458][692.991792][56.705334] ( 68,222)[1315.662987][1351.247832][35.584845] 

   64: (442,118),(364,163)    7  113 

(442,118)[444.914703][448.325148][3.410444] (438,113)[527.715321][534.025625][6.310305] (432,117)[3639.457693][3692.372026][52.914333] (383,111)[294.764857][297.753270][2.988413] (380,114)[1966.268324][1995.872992][29.604668] (372,140)[223.860950][226.413369][2.552419] (373,142)[1588.966369][1600.868092][11.901723] 

  251: ( 28, 46),(138, 89)   11  112 

( 28, 46)[909.838254][920.429373][10.591119] ( 40, 42)[1065.248542][1088.957516][23.708974] ( 54, 43)[304.096432][304.588496][0.492064] ( 56, 46)[236.745470][238.424860][1.679390] ( 58, 46)[921.111224][934.750216][13.638991] ( 69, 54)[546.837238][554.073300][7.236062] ( 75, 54)[881.864936][883.875411][2.010475] ( 85, 57)[2371.235793][2393.867802][22.632009] (114, 76)[621.222381][629.777110][8.554729] (121, 79)[525.458267][537.414836][11.956569] (127, 85)[909.048895][912.439529][3.390635] 

  365: ( 89,213),( 57,220)    4   33 

( 89,213)[462.281271][469.242050][6.960779] ( 81,213)[358.414695][394.382691][35.967996] ( 74,217)[372.033881][416.950789][44.916908] ( 67,217)[647.080736][663.841331][16.760595] 

  428: (572,272),(610,278)    1   39 

(572,272)[2715.252177][2819.775132][104.522955] 

  341: (368,179),(433,193)    4   66 

(368,179)[1283.249240][1342.174352][58.925112] (388,184)[1571.727109][1608.018661][36.291551] (410,196)[1129.904945][1136.667099][6.762154] (424,196)[771.401386][772.372857][0.971471] 

  486: (601,337),(646,344)    3   46 

(601,337)[319.304543][326.199366][6.894823] (605,339)[1286.664267][1331.257000][44.592733] (625,340)[1350.739422][1401.032557][50.293136] 

  131: (473,353),(515,303)    9   74 

(473,353)[271.679092][281.251101][9.572008] (476,354)[685.100331][690.749218][5.648887] (485,351)[715.681657][731.762802][16.081145] (495,350)[1534.918253][1565.354198][30.435944] (513,326)[528.348756][532.436143][4.087387] (513,319)[461.582811][465.338449][3.755637] (519,313)[399.760026][409.717967][9.957941] (521,308)[412.333846][423.261504][10.927658] (519,303)[352.081894][358.810230][6.728336] 

  641: ( 52,718),( 70,719)    3   19 

( 52,718)[623.915683][666.153734][42.238051] ( 63,719)[237.976143][263.003478][25.027335] ( 66,721)[259.080038][288.687686][29.607649] 

  651: (102,722),(110,722)    1    9 

(102,722)[348.612706][443.721488][95.108781] 

  343: (533,182),(622,234)   12  127 

(533,182)[456.614691][462.323023][5.708332] (531,188)[405.178061][411.109792][5.931731] (533,193)[216.755828][217.820197][1.064369] (531,195)[451.182869][454.735343][3.552474] (531,200)[746.574715][751.827674][5.252959] (527,209)[347.874106][353.092822][5.218716] (527,213)[423.945792][426.855506][2.909714] (532,218)[946.142453][949.012004][2.869551] (544,221)[2299.561950][2316.407877][16.845927] (575,224)[1343.733837][1363.261791][19.527954] (593,229)[876.449640][891.774638][15.324998] (605,230)[1263.711438][1273.868714][10.157276] 

  387: (552,240),(608,246)    7   57 

(552,240)[209.191576][212.109471][2.917895] (554,238)[673.142313][694.924730][21.782417] (563,238)[538.671140][555.609906][16.938766] (570,245)[1155.394261][1177.286688][21.892426] (586,245)[401.177140][409.645543][8.468403] (591,243)[270.646140][272.087895][1.441755] (594,246)[988.673160][1008.887818][20.214659] 

  662: (205,726),(208,736)    1   11 

(205,726)[535.715719][626.826773][91.111054] 

  112: (518,327),(488,354)    4   38 

(518,327)[838.350066][849.280481][10.930416] (508,339)[481.286869][493.725391][12.438522] (506,346)[610.789596][652.555755][41.766159] (496,354)[570.359737][594.668778][24.309042] 

  699: (398,229),(439,246)    2  192479296 

(398,229)[357.736404][369.089959][11.353554] (403,233)[2158.097977][2236.159381][78.061404] 

  526: (637,416),(648,419)    2   12 

(637,416)[275.055318][312.068151][37.012833] (643,416)[237.611421][289.916064][52.304643] 

  628: ( 63,712),( 88,714)    3   26 

( 63,712)[1240.512027][1275.643640][35.131613] ( 81,711)[276.523912][310.512674][33.988761] ( 85,714)[200.787004][220.837184][20.050181] 

  310: (511,122),(504,132)    6   32 

(511,122)[234.348741][242.017043][7.668302] (509,125)[517.029141][541.844854][24.815713] (517,129)[224.804163][235.718064][10.913901] (519,132)[506.409975][525.874726][19.464751] (511,138)[292.544400][308.102666][15.558266] (507,137)[360.587567][370.926732][10.339164] 

   63: (545,102),(541,129)    2   28 

(545,102)[1331.103328][1405.762756][74.659428] (540,124)[371.839891][385.245593][13.405702] 

  154: ( 41,688),( 28,704)    1   17 

( 41,688)[907.908027][995.637937][87.729909] 

  458: (278,304),(300,305)    2   23 

(278,304)[365.605167][409.922809][44.317641] (287,308)[582.903170][626.014807][43.111638] 

  114: (654,327),(705,319)    7   68 

(654,327)[697.726994][707.814092][10.087098] (664,329)[912.260507][921.193362][8.932856] (677,342)[455.193014][466.074538][10.881524] (683,343)[909.920446][941.120435][31.199988] (696,341)[875.362949][888.191036][12.828087] (708,332)[470.506064][477.420130][6.914065] (708,326)[545.265874][549.402143][4.136270] 

  290: (523, 91),(545, 95)    2   23 

(523, 91)[876.287228][932.721273][56.434046] (538, 91)[468.399329][496.880345][28.481017] 

  657: (173,723),(196,725)    1   24 

(173,723)[757.777682][840.557917][82.780236] 

  366: ( 66,214),( 10,253)    5   64 

( 66,214)[410.364175][415.676725][5.312551] ( 60,214)[659.355278][677.585924][18.230646] ( 50,217)[739.118364][760.013830][20.895466] ( 39,228)[1047.483182][1066.816560][19.333378] ( 30,244)[1285.002820][1303.405486][18.402667] 

  132: (467,360),(450,374)    4   23 

(467,360)[256.712377][273.402866][16.690490] (464,363)[640.615367][679.382942][38.767575] (460,372)[239.043866][256.572118][17.528252] (457,374)[531.825971][540.358970][8.532999] 

  342: (487,181),(499,187)    4   17 

(487,181)[277.028082][288.842435][11.814353] (487,185)[427.699208][468.021235][40.322027] (494,190)[160.441721][182.784369][22.342648] (496,190)[223.185251][230.136063][6.950812] 

  411: (570,262),(615,263)    4   46 

(570,262)[686.412492][697.227480][10.814988] (579,261)[323.569128][332.570749][9.001622] (583,258)[1663.209009][1698.948931][35.739922] (606,260)[675.535400][698.956500][23.421100] 

  618: (  1,706),( 17,709)    3   17 

(  1,706)[345.847919][382.309516][36.461598] (  9,706)[191.948061][226.070111][34.122050] ( 14,709)[133.515903][140.941033][7.425129] 

  635: ( 13,720),( 15,719)    5   17 

( 13,720)[102.784842][123.462945][20.678103] ( 13,718)[169.721210][183.993685][14.272475] ( 16,715)[267.421737][282.138184][14.716446] ( 21,716)[172.127229][179.911813][7.784584] ( 18,719)[174.738305][195.228477][20.490171] 

  477: (298,321),(313,324)    2   16 

(298,321)[621.596360][670.851470][49.255110] (308,321)[320.449507][347.587694][27.138187] 

  213: (533, 12),(536, 17)    7   33 

(533, 12)[285.631331][296.891049][11.259718] (537, 11)[345.231941][354.974791][9.742850] (542, 15)[386.248811][402.333059][16.084248] (544, 21)[279.282159][292.169019][12.886859] (544, 25)[345.612507][357.205368][11.592860] (539, 25)[410.751302][419.310949][8.559647] (534, 19)[181.037292][184.313946][3.276653] 

  369: (399,219),(439,249)    5   56 

(399,219)[573.367751][578.228855][4.861104] (395,228)[241.876458][248.811783][6.935325] (396,231)[430.853471][440.045447][9.191976] (402,236)[1910.582293][1953.066887][42.484594] (433,248)[417.124673][426.774946][9.650273] 

  583: (  1,672),( 65,679)    6   65 

(  1,672)[281.007505][288.132650][7.125144] (  5,672)[672.393388][688.198922][15.805534] ( 15,676)[1258.142817][1268.103393][9.960576] ( 33,674)[676.665447][683.862080][7.196632] ( 42,678)[264.864589][267.437108][2.572519] ( 45,677)[1396.195040][1426.647871][30.452831] 

  393: (600,243),(617,244)    2   18 

(600,243)[208.806197][230.811931][22.005734] (603,242)[830.359282][881.407644][51.048362] 

  111: (518,327),(599,337)    9  101 

(518,327)[251.868341][252.937246][1.068905] (521,326)[1075.249904][1083.297369][8.047465] (537,312)[1175.613365][1188.193755][12.580390] (554,311)[1190.973017][1207.027708][16.054691] (571,313)[791.069215][800.913308][9.844093] (582,316)[853.210553][862.253062][9.042509] (594,317)[657.105429][662.995739][5.890310] (603,322)[764.132178][773.030982][8.898804] (599,333)[309.166348][310.705114][1.538767] 

   98: (523,237),(542,256)    3   32 

(523,237)[1174.855754][1226.524960][51.669205] (532,255)[490.477334][502.261542][11.784208] (539,262)[466.683244][475.887395][9.204151] 

  152: ( 41,688),( 23,691)    2   19 

( 41,688)[631.436450][667.207701][35.771251] ( 31,686)[507.710649][544.393585][36.682936] 

  607: (135,704),(197,701)    6   63 

(135,704)[368.639149][372.612239][3.973090] (140,703)[692.254519][705.806609][13.552090] (150,697)[712.558959][735.353714][22.794755] (161,700)[497.200853][507.037918][9.837065] (169,699)[490.533460][496.063128][5.529667] (177,702)[1172.465147][1189.069521][16.604374] 

  621: (138,708),(138,739)    4   32 

(138,708)[282.061789][283.817993][1.756204] (134,712)[420.990068][429.739245][8.749177] (137,718)[748.472389][772.247607][23.775218] (136,730)[527.681580][565.507514][37.825933] 

  198: (470,  1),(441,104)    4  104 

(470,  1)[569.484034][576.939423][7.455389] (471,  8)[1133.020720][1145.191844][12.171124] (465, 23)[1761.286499][1786.631668][25.345169] (460, 47)[3997.755647][4022.956767][25.201120] 

  136: (490,380),(513,345)    6   41 

(490,380)[258.016807][265.569760][7.552953] (488,376)[315.381138][321.799179][6.418041] (488,371)[476.944114][482.135535][5.191421] (492,363)[746.140869][776.044045][29.903176] (506,354)[396.010517][409.799115][13.788599] (513,347)[152.993822][160.153123][7.159302] 

  530: (650,419),(649,426)    1    8 

(650,419)[383.770640][453.638639][69.867999] 

  207: (113,  2),(124, 11)    2   13 

(113,  2)[482.857961][524.456049][41.598088] (120, 10)[266.093895][294.346416][28.252521] 

  636: (114,715),(104,739)    4   30 

(114,715)[768.734223][788.844201][20.109978] (112,727)[266.023161][272.554277][6.531116] (108,731)[195.235726][205.266032][10.030306] (105,729)[529.867980][562.730867][32.862887] 

  594: (148,690),(211,693)    4   64 

(148,690)[208.085806][209.453681][1.367875] (150,688)[406.651887][410.439875][3.787988] (155,687)[1652.246102][1674.701468][22.455366] (181,691)[1894.535615][1933.492859][38.957244] 

  285: (687, 87),(629,233)    7  155 

(687, 87)[4357.357568][4363.985697][6.628129] (666,147)[573.037760][574.932866][1.895106] (665,154)[776.756004][782.396061][5.640057] (660,164)[2254.575144][2275.603071][21.027927] (651,195)[1556.440161][1572.068372][15.628211] (642,216)[1257.871153][1268.013966][10.142813] (637,233)[621.864873][627.370661][5.505788] 

   93: ( 92,229),(128,247)    3   37 

( 92,229)[744.600332][757.847172][13.246840] (102,238)[1445.449621][1494.106813][48.657192] (123,247)[410.207033][414.358904][4.151871] 

  488: (599,340),(645,347)    3   47 

(599,340)[384.333401][392.889019][8.555618] (604,342)[1251.424946][1275.617422][24.192476] (623,343)[1453.162223][1485.548915][32.386692] 

  190: (139,  1),(124,  5)    3   16 

(139,  1)[179.035607][182.330287][3.294680] (137,  3)[548.354074][586.751354][38.397280] (129,  3)[394.909700][417.375787][22.466087] 

  517: (646,404),(633,420)    4   20 

(646,404)[275.370753][277.736994][2.366241] (642,405)[381.901070][385.365012][3.463943] (636,411)[321.678815][329.210871][7.532056] (633,416)[233.672464][283.721376][50.048913] 

  597: (  1,690),( 21,690)    2   21 

(  1,690)[986.872895][1036.908268][50.035373] ( 19,692)[147.342333][160.654567][13.312234] 

  446: (612,296),(686,314)    7   75 

(612,296)[223.145796][224.138450][0.992654] (614,294)[440.361818][446.794447][6.432629] (619,297)[758.097842][768.126628][10.028786] (628,297)[765.344263][776.135395][10.791132] (637,300)[1467.945744][1487.782618][19.836874] (655,302)[1481.983768][1493.792743][11.808975] (674,312)[943.742511][946.359812][2.617301] 

  630: ( 37,713),( 52,715)    1   16 

( 37,713)[677.890770][739.676907][61.786137] 

  494: (217,356),(122,670)   17  316 

(217,356)[503.151231][503.513235][0.362004] (219,362)[433.601277][433.932644][0.331367] (219,367)[721.203592][722.538163][1.334571] (215,376)[2240.132307][2245.359864][5.227557] (208,406)[1384.199732][1386.508756][2.309024] (201,424)[799.629508][801.668539][2.039031] (199,434)[1309.406907][1311.220430][1.813523] (192,451)[1956.933412][1960.223119][3.289707] (186,477)[727.738605][729.733380][1.994775] (182,486)[1171.021021][1173.563358][2.542337] (179,501)[1241.520597][1244.117289][2.596691] (173,517)[219.069767][219.134658][0.064891] (171,519)[1600.601078][1605.163257][4.562179] (167,540)[8406.163717][8431.994133][25.830416] (132,656)[202.591325][202.675359][0.084034] (130,658)[527.603887][531.085918][3.482032] (128,665)[447.194467][450.489882][3.295416] 

  659: (230,725),(226,739)    2   15 

(230,725)[465.912789][493.760043][27.847254] (225,732)[461.608697][493.788636][32.179939] 

  253: ( 25, 43),(  1, 49)    2   25 

( 25, 43)[1521.547256][1575.231786][53.684529] (  4, 50)[299.490211][305.425904][5.935694] 

  203: (679,  1),(604,218)   12  218 

(679,  1)[577.609268][578.616967][1.007699] (679,  8)[360.078452][360.513286][0.434834] (676, 12)[1934.273198][1939.988983][5.715785] (667, 38)[786.222434][789.363181][3.140747] (665, 48)[791.305477][794.454403][3.148926] (660, 58)[2006.065669][2012.550895][6.485226] (651, 85)[789.943138][791.866507][1.923368] (650, 95)[1040.128519][1054.431865][14.303346] (644,108)[5121.594980][5135.444304][13.849324] (622,178)[645.127948][646.806048][1.678101] (618,186)[1854.878983][1861.440101][6.561118] (610,211)[573.819327][574.590014][0.770687] 

  120: (333,333),(344,343)    2   17 

(333,333)[331.941753][351.359715][19.417963] (333,338)[591.862662][630.906332][39.043670] 

  528: (729,418),(726,432)    2   15 

(729,418)[295.227149][315.923484][20.696336] (730,423)[532.220758][569.122111][36.901353] 

  557: ( 82,500),( 38,662)    8  163 

( 82,500)[1347.142014][1352.191390][5.049376] ( 81,517)[891.465828][896.382908][4.917080] ( 76,528)[1486.963377][1498.551508][11.588131] ( 72,547)[1980.495052][1988.221400][7.726348] ( 62,573)[2421.545824][2432.336678][10.790854] ( 54,605)[1391.870126][1395.860890][3.990765] ( 45,623)[581.875037][583.878582][2.003545] ( 45,630)[2365.967730][2376.263360][10.295630] 

  614: (288,702),(263,728)    5   36 

(288,702)[172.984748][179.297216][6.312468] (286,701)[683.727415][708.297709][24.570294] (276,705)[730.916118][746.043852][15.127735] (266,716)[458.900138][463.864033][4.963894] (264,722)[500.533854][504.465401][3.931546] 

   38: (520, 48),(534, 56)    1   15 

(520, 48)[864.127505][918.589596][54.462090] 

  187: (103,  1),(114, 11)    1   12 

(103,  1)[499.228091][553.601858][54.373767] 

  600: (334,692),(406,719)    7   80 

(334,692)[410.042645][412.243757][2.201112] (332,697)[411.585324][414.984879][3.399554] (337,701)[2558.770019][2588.169827][29.399808] (373,711)[1265.674885][1280.172491][14.497606] (390,718)[617.369802][620.145013][2.775211] (398,717)[279.000207][279.735106][0.734900] (401,719)[425.922482][427.186491][1.264009] 

  638: (315,715),(318,730)    2   16 

(315,715)[601.261098][646.050579][44.789481] (318,724)[446.092195][455.294304][9.202109] 

  314: (538,127),(536,136)    2   14 

(538,127)[396.517718][426.773602][30.255884] (532,129)[473.741714][496.737698][22.995984] 

  599: (231,693),(288,694)    2   58 

(231,693)[3613.866558][3656.682022][42.815464] (283,692)[395.978583][406.172606][10.194023] 

  451: (262,298),(282,302)    3   21 

(262,298)[637.022658][657.016036][19.993378] (274,303)[306.793214][333.766861][26.973647] (280,301)[136.165199][141.692620][5.527421] 

  182: (145,733),(141,717)    2   17 

(145,733)[348.948545][376.315787][27.367242] (145,728)[709.186657][733.820096][24.633439] 

   25: (406, 37),(417,  1)    2   37 

(406, 37)[2286.659213][2327.438937][40.779724] (417,  6)[421.088519][432.296123][11.207603] 

   37: (520, 48),(520, 72)    2   25 

(520, 48)[918.138186][944.730201][26.592014] (518, 61)[823.792373][848.914145][25.121772] 

  326: (487,160),(496,164)    3   10 

(487,160)[264.100005][279.934845][15.834840] (490,162)[292.882737][321.035634][28.152897] (494,162)[159.177913][166.491457][7.313544] 

   94: (538,231),(559,233)    4   22 

(538,231)[499.537496][525.444139][25.906643] (544,231)[297.369860][304.775614][7.405754] (547,228)[419.350471][430.632733][11.282263] (552,227)[565.075524][571.415689][6.340165] 

  623: (254,708),(228,724)    1   27 

(254,708)[1748.782943][1799.361119][50.578176] 

  388: (593,239),(579,240)    3   15 

(593,239)[224.060879][232.046909][7.986031] (590,238)[335.903870][347.137558][11.233688] (585,240)[392.487189][423.464972][30.977783] 

  218: (574, 15),(567, 23)    2   16 

(574, 15)[500.986053][530.484788][29.498735] (567, 15)[589.958321][610.585574][20.627253] 

  398: ( 32,250),( 18,262)    3   25 

( 32,250)[701.825284][711.261559][9.436274] ( 32,260)[356.460043][380.599482][24.139438] ( 27,262)[645.081924][660.644513][15.562589] 

  394: (627,242),(630,248)    1    7 

(627,242)[390.723849][439.796484][49.072635] 

  646: (350,719),(420,739)    3   71 

(350,719)[711.371446][716.698115][5.326670] (359,722)[794.907825][803.794653][8.886827] (369,723)[3810.413749][3844.110136][33.696387] 

  632: (258,714),(237,739)    4   33 

(258,714)[344.250056][345.653079][1.403023] (254,713)[844.208073][858.637578][14.429505] (242,723)[548.581948][556.618156][8.036209] (237,731)[584.722511][608.365208][23.642696] 

  403: (574,259),(598,256)    3   28 

(574,259)[254.803802][265.980968][11.177166] (574,256)[193.825880][197.080429][3.254549] (576,254)[1496.539785][1529.345121][32.805336] 

  425: (586,271),(610,275)    1   25 

(586,271)[1734.801586][1781.705037][46.903451] 

  168: (306,708),(315,730)    2   23 

(306,708)[598.792796][617.602951][18.810155] (306,716)[937.234081][965.090600][27.856519] 

  284: (252, 86),(185,101)    7   92 

(252, 86)[223.472942][223.691992][0.219049] (253, 88)[878.960067][883.237650][4.277583] (251, 99)[1286.304458][1293.639415][7.334957] (245,116)[426.635229][428.800779][2.165550] (241,121)[707.133611][716.014652][8.881042] (232,119)[2125.725424][2139.501646][13.776222] (204,105)[1396.670870][1406.469412][9.798542] 

  580: (  1,667),( 20,672)    2   20 

(  1,667)[695.980821][730.651515][34.670694] ( 11,668)[640.873678][652.509972][11.636294] 

  192: (289,  1),(218,116)    4  150 

(289,  1)[8460.736384][8492.347462][31.611077] (252,116)[641.215188][643.884943][2.669755] (244,124)[1251.362000][1260.353125][8.991124] (227,123)[706.503313][709.062874][2.559561] 

  228: ( 78, 24),(101, 35)    3   24 

( 78, 24)[385.336033][410.632040][25.296007] ( 83, 25)[1000.284035][1017.538608][17.254573] ( 96, 35)[443.205705][446.414140][3.208435] 

   61: (545,102),(532,103)    2   14 

(545,102)[361.902495][374.465065][12.562569] (540,100)[512.637555][545.508924][32.871369] 

  264: ( 20, 54),(  1, 57)    2   20 

( 20, 54)[648.161242][662.656350][14.495108] ( 11, 57)[764.669007][794.301627][29.632620] 

  469: (703,317),(735,324)    4   35 

(703,317)[873.190644][882.192329][9.001685] (715,315)[952.169193][976.570969][24.401775] (728,316)[445.318412][453.172950][7.854538] (733,320)[375.794480][378.584862][2.790381] 

  364: (477,213),(475,222)    2   18 

(477,213)[504.819228][518.569632][13.750404] (469,213)[640.308708][670.605373][30.296666] 

  479: (329,326),(316,329)    3   14 

(329,326)[146.062073][156.467776][10.405703] (327,325)[219.871819][235.304597][15.432778] (324,328)[528.213999][545.917624][17.703626] 

  183: (145,733),(142,739)    1    7 

(145,733)[309.088446][351.862206][42.773761] 

    4: ( 47, 21),( 10, 45)    4   38 

( 47, 21)[1613.860941][1644.538730][30.677789] ( 26, 36)[369.354080][373.937063][4.582983] ( 22, 36)[539.204931][542.694164][3.489233] ( 16, 39)[534.313308][537.733046][3.419738] 

  516: (567,404),(569,414)    2   11 

(567,404)[380.303313][400.763984][20.460671] (566,410)[272.080432][293.722956][21.642524] 

  395: (548,244),(551,265)    3   22 

(548,244)[632.629647][637.836446][5.206799] (549,252)[400.081062][423.624762][23.543699] (552,257)[669.376185][682.673473][13.297288] 

  396: (615,246),(626,255)    3   18 

(615,246)[441.294938][456.576159][15.281222] (621,248)[499.119903][524.338548][25.218645] (628,251)[352.578756][353.710944][1.132188] 

  334: (316,163),(353,177)    1   38 

(316,163)[2533.733109][2575.036744][41.303636] 

  603: (119,699),(140,699)    3   22 

(119,699)[541.347557][560.106704][18.759147] (127,695)[504.065383][522.389153][18.323770] (134,695)[464.679512][468.796575][4.117063] 

  489: (500,341),(483,350)    4   21 

(500,341)[365.722527][377.372303][11.649776] (495,341)[240.079254][256.816933][16.737679] (492,344)[476.782996][484.169965][7.386969] (486,344)[464.734889][469.891941][5.157052] 

  582: ( 72,677),(127,676)    3   56 

( 72,677)[703.479439][711.549953][8.070514] ( 81,671)[2380.005770][2404.952319][24.946549] (115,673)[883.112006][890.792341][7.680335] 

  345: (524,184),(509,200)    4   25 

(524,184)[466.085649][470.264253][4.178603] (524,190)[513.699793][521.516624][7.816832] (520,197)[490.095256][513.349567][23.254312] (513,196)[307.290428][312.538507][5.248080] 

  653: (283,722),(265,739)    3   22 

(283,722)[322.558563][331.003292][8.444729] (279,722)[976.639775][996.045741][19.405966] (266,735)[352.388280][363.311264][10.922984] 

  496: (456,370),(420,366)    7   41 

(456,370)[172.484027][175.497833][3.013806] (457,368)[456.797712][461.190351][4.392639] (450,362)[682.363800][694.345729][11.981930] (439,362)[695.992463][707.389085][11.396623] (428,369)[291.790317][298.638082][6.847765] (424,369)[224.966379][225.009519][0.043139] (422,366)[163.315779][164.152548][0.836770] 

  666: ( 69,727),( 66,737)    1   11 

( 69,727)[325.319477][363.818130][38.498653] 

  282: (550, 82),(547, 92)    1   11 

(550, 82)[657.068192][694.945469][37.877277] 

  108: (654,327),(657,305)    2   23 

(654,327)[972.160190][996.236877][24.076688] (657,314)[759.644477][773.264325][13.619848] 

  237: ( 44, 29),( 47, 40)    2   12 

( 44, 29)[432.920816][446.653648][13.732832] ( 47, 35)[361.584716][384.603827][23.019111] 

  663: (208,727),(221,738)    4   22 

(208,727)[440.794870][455.408184][14.613314] (214,728)[273.110965][283.032392][9.921427] (217,726)[477.694553][485.180171][7.485618] (221,732)[493.384494][498.070628][4.686134] 

  606: (290,695),(295,713)    2   19 

(290,695)[788.152837][805.153907][17.001070] (292,706)[469.819698][489.252842][19.433145] 

  315: (242,129),(304,155)    2   63 

(242,129)[619.821250][622.944488][3.123238] (250,136)[3736.949799][3769.944758][32.994960] 

  138: (490,380),(477,386)    2   18 

(490,380)[469.688166][485.496868][15.808702] (486,388)[522.794080][543.010847][20.216766] 

  325: (547,152),(538,195)    3   44 

(547,152)[1604.640160][1621.645451][17.005291] (544,174)[931.821795][946.178603][14.356809] (539,187)[617.012693][621.289861][4.277167] 

  200: (549,  1),(534,  3)    2   16 

(549,  1)[539.401805][555.218649][15.816844] (540,  4)[391.156372][410.756440][19.600068] 

  658: ( 61,725),( 58,739)    1   15 

( 61,725)[602.253829][637.655482][35.401653] 

  167: (306,708),(325,716)    3   20 

(306,708)[587.791401][604.360189][16.568788] (314,712)[682.220387][698.258570][16.038183] (323,714)[206.440367][209.008724][2.568357] 

  107: (607,321),(654,327)    3   48 

(607,321)[252.664804][256.988696][4.323892] (610,323)[1911.654854][1927.337498][15.682644] (638,324)[1140.950223][1155.870721][14.920498] 

  100: (562,247),(555,263)    1   17 

(562,247)[1163.053552][1197.679804][34.626252] 

  677: (234,733),(232,739)    2    7 

(234,733)[150.325993][160.750086][10.424094] (232,735)[249.492870][273.579182][24.086312] 

  201: (573,  1),(576, 16)    1   16 

(573,  1)[1008.557951][1043.017311][34.459360] 

  159: ( 98,690),(123,694)    5   26 

( 98,690)[268.425136][278.202536][9.777400] (101,692)[269.965264][279.715787][9.750523] (104,689)[189.660638][193.894001][4.233363] (106,691)[600.283659][607.398884][7.115225] (114,690)[674.259260][677.723060][3.463799] 

  356: (465,205),(490,216)    3   26 

(465,205)[692.944887][709.314319][16.369432] (475,207)[248.322416][251.364927][3.042511] (478,210)[794.328367][808.501354][14.172987] 

  361: ( 99,211),( 88,216)    1   12 

( 99,211)[554.069229][587.527666][33.458436] 

  320: (499,147),(503,147)    4   14 

(499,147)[337.679804][348.396446][10.716642] (502,152)[260.499412][266.868838][6.369426] (506,149)[156.157991][164.375880][8.217888] (505,147)[155.245165][163.286113][8.040947] 

  652: (254,722),(253,739)    2   18 

(254,722)[286.859661][289.189855][2.330194] (252,725)[1032.395601][1063.048012][30.652411] 

  412: (  4,261),( 12,265)    2   11 

(  4,261)[480.537853][509.313266][28.775413] ( 11,262)[245.424419][249.413511][3.989092] 

  164: (125,707),(111,713)    1   15 

(125,707)[874.553988][906.956851][32.402864] 

  445: (164,294),( 55,659)    3  366 

(164,294)[10610.558066][10620.966214][10.408148] (119,442)[7272.597316][7281.593393][8.996078] ( 91,543)[8186.197179][8199.070959][12.873780] 

  444: (257,292),(246,296)    3   18 

(257,292)[371.347847][385.107487][13.759640] (257,298)[283.508039][287.217272][3.709232] (253,300)[439.354810][453.693850][14.339040] 

  649: ( 74,721),( 69,739)    1   19 

( 74,721)[806.628652][838.404212][31.775560] 

  130: (473,353),(467,360)    1    8 

(473,353)[492.978565][524.741168][31.762603] 

  543: (508,433),(427,689)   11  262 

(508,433)[503.535246][504.045072][0.509826] (502,434)[725.612024][726.936769][1.324745] (498,443)[4273.944645][4279.749167][5.804523] (482,501)[1235.770938][1236.827898][1.056960] (475,517)[1967.144873][1970.383849][3.238976] (469,543)[2120.018047][2123.586084][3.568037] (460,571)[3742.388831][3749.654168][7.265337] (448,621)[1759.114825][1762.002645][2.887819] (439,644)[367.484209][368.655265][1.171056] (439,648)[731.604619][732.486423][0.881804] (435,657)[2419.401035][2423.382257][3.981222] 

  624: (289,709),(275,717)    3   16 

(289,709)[283.748364][295.064624][11.316260] (285,714)[244.659742][254.690038][10.030296] (281,714)[352.079488][362.009245][9.929758] 

  440: (193,288),( 88,660)   11  375 

(193,288)[344.198816][344.679009][0.480193] (197,290)[279.176421][279.445069][0.268648] (195,293)[624.144480][624.779190][0.634710] (194,301)[697.842409][698.285644][0.443234] (190,310)[2663.915462][2665.890289][1.974827] (180,347)[2406.220942][2408.213388][1.992446] (169,380)[5389.127502][5396.566916][7.439413] (149,455)[4941.867582][4948.280396][6.412813] (127,524)[1689.034284][1691.598865][2.564581] (122,547)[1411.474109][1413.483827][2.009718] (115,566)[6610.480398][6617.343418][6.863020] 

  230: ( 54, 25),( 52, 40)    2   16 

( 54, 25)[220.883950][222.232527][1.348577] ( 55, 27)[971.752461][1001.362972][29.610511] 

  336: (422,166),(409,183)    5   29 

(422,166)[290.115054][291.871893][1.756839] (421,163)[440.264231][449.801472][9.537241] (416,163)[577.167966][580.438804][3.270838] (410,170)[498.075192][504.491022][6.415830] (408,176)[551.966863][561.509183][9.542320] 

  531: (688,422),(677,425)    2   12 

(688,422)[206.901480][211.255418][4.353938] (685,420)[509.995740][535.933961][25.938221] 

   80: (444,223),(455,227)    1   12 

(444,223)[831.524701][861.788774][30.264073] 

  362: (458,211),(472,221)    4   21 

(458,211)[354.749822][357.114844][2.365023] (456,215)[506.026061][512.550800][6.524739] (462,220)[507.499720][527.858245][20.358525] (468,222)[367.496692][368.507214][1.010522] 

  655: ( 11,723),(  7,739)    1   17 

( 11,723)[805.805985][835.828995][30.023010] 

  308: (172,123),(177,122)    5   25 

(172,123)[502.927535][512.429379][9.501843] (165,121)[244.601224][246.976321][2.375097] (163,124)[181.942556][183.749560][1.807004] (165,126)[432.810919][444.417488][11.606569] (171,127)[430.409383][435.066352][4.656969] 

  447: (601,295),(578,300)    2   24 

(601,295)[570.544275][575.397223][4.852947] (594,299)[1170.300466][1195.150470][24.850004] 

  442: (541,289),(576,299)    3   36 

(541,289)[734.093046][747.838945][13.745899] (550,294)[1151.562615][1161.602029][10.039413] (565,295)[848.650064][854.200786][5.550722] 

  468: (625,313),(653,315)    4   30 

(625,313)[1356.132856][1373.806767][17.673911] (642,315)[455.690021][459.479074][3.789054] (647,317)[449.346532][456.758432][7.411901] (652,317)[234.365788][234.512176][0.146388] 

  272: (213, 64),(180,110)    3   51 

(213, 64)[1243.872077][1251.644930][7.772853] (197, 76)[895.782837][899.807381][4.024544] (186, 87)[1718.746472][1735.904349][17.157877] 

  332: (499,162),(495,179)    1   18 

(499,162)[1006.213232][1034.682713][28.469481] 

  427: (201,272),(208,274)    1    8 

(201,272)[353.434466][381.805824][28.371359] 

  191: (283,  1),(254, 86)    4   86 

(283,  1)[854.163294][859.446257][5.282963] (280, 12)[575.485363][577.131884][1.646521] (276, 19)[944.840549][947.964619][3.124069] (274, 31)[4093.620687][4111.803528][18.182841] 

  309: (439,121),(407,186)    5   71 

(439,121)[2811.837075][2819.871891][8.034816] (427,156)[712.642902][713.486871][0.843968] (426,164)[1207.732017][1217.545164][9.813148] (419,179)[581.577823][587.542909][5.965086] (412,186)[438.267727][441.720555][3.452828] 

  275: (393, 68),(357,181)    8  114 

(393, 68)[577.847303][578.597846][0.750543] (388, 75)[1022.351057][1023.067026][0.715969] (386, 88)[1146.444296][1149.232902][2.788606] (381,103)[570.837741][573.457452][2.619711] (377,110)[2268.970799][2277.766398][8.795599] (367,141)[354.521072][355.543267][1.022195] (367,145)[2106.313494][2114.136245][7.822751] (356,174)[533.969273][536.825489][2.856216] 

  177: (340,715),(333,739)    2   25 

(340,715)[253.369309][257.155504][3.786195] (337,718)[1546.088910][1569.497487][23.408577] 

  633: ( 67,714),( 67,719)    1    6 

( 67,714)[362.774375][389.621554][26.847179] 

  302: (506,112),(506,122)    3   11 

(506,112)[226.024242][230.674319][4.650077] (509,115)[232.954359][243.366389][10.412031] (506,118)[305.866868][317.177583][11.310715] 

  410: (170,258),(176,263)    1    7 

(170,258)[359.857543][386.089461][26.231918] 

  288: (512, 90),(508,108)    2   19 

(512, 90)[764.052805][785.007657][20.954851] (512,102)[367.890270][373.128254][5.237985] 

  115: (654,327),(648,344)    2   18 

(654,327)[810.106030][831.717393][21.611362] (651,339)[357.022585][361.601327][4.578743] 

  329: (531,161),(527,176)    2   16 

(531,161)[568.443990][576.053806][7.609817] (527,169)[503.344787][521.525218][18.180431] 

  612: (216,699),(248,708)    4   35 

(216,699)[509.323423][518.177361][8.853938] (223,701)[818.149763][827.520393][9.370630] (234,700)[693.594549][699.115274][5.520725] (241,709)[561.927726][563.825346][1.897620] 

  475: (219,319),(123,634)    8  316 

(219,319)[2040.550246][2041.633781][1.083535] (213,347)[2182.248087][2183.287650][1.039563] (202,377)[4317.002757][4320.196458][3.193701] (185,437)[1988.090158][1990.100188][2.010030] (175,464)[6015.596715][6023.840904][8.244189] (151,548)[1124.892894][1126.855108][1.962214] (145,563)[1954.418163][1958.157434][3.739271] (138,590)[3116.097542][3120.219316][4.121774] 

  305: (198,116),(224,123)    3   27 

(198,116)[528.569877][533.415616][4.845739] (204,116)[604.778889][615.271008][10.492119] (211,120)[1051.815846][1061.747128][9.931282] 

  538: (653,427),(660,427)    1    8 

(653,427)[488.034851][513.182970][25.148119] 

  350: (416,198),(414,210)    1   13 

(416,198)[959.817083][984.738815][24.921732] 

  672: (247,730),(245,739)    1   10 

(247,730)[626.464756][651.267119][24.802363] 

  650: (287,721),(268,739)    3   21 

(287,721)[730.780472][747.651579][16.871107] (278,731)[287.685964][288.637921][0.951958] (275,732)[571.569661][578.429371][6.859710] 

  452: (527,303),(569,302)    5   43 

(527,303)[346.344021][352.414903][6.070882] (531,303)[410.299977][412.968102][2.668124] (536,299)[1255.350254][1264.016872][8.666618] (553,301)[789.715350][794.235263][4.519913] (563,299)[506.203541][508.848030][2.644489] 

  338: (495,168),(492,178)    2   16 

(495,168)[314.087900][320.630942][6.543043] (490,168)[621.350908][639.357554][18.006646] 

  135: (120,371),( 84,501)   10  131 

(120,371)[577.503168][578.346368][0.843200] (121,378)[436.801476][438.231596][1.430120] (118,383)[736.894997][740.148143][3.253146] (117,392)[742.330909][745.502117][3.171208] (113,401)[1466.463543][1469.243102][2.779559] (108,420)[514.758875][515.792148][1.033273] (104,426)[810.980260][812.247937][1.267677] (104,436)[2659.053937][2663.654439][4.600502] ( 91,471)[447.700215][448.957258][1.257043] ( 91,476)[1911.655205][1916.411502][4.756297] 

  483: (721,331),(741,330)    1   21 

(721,331)[1451.009834][1475.321036][24.311202] 

  413: (563,261),(562,262)    4   23 

(563,261)[631.916477][639.338927][7.422450] (570,267)[239.373163][242.568401][3.195238] (569,269)[557.043063][564.828640][7.785577] (563,268)[628.813666][634.654600][5.840934] 

  450: (608,297),(576,305)    3   39 

(608,297)[698.984176][701.891535][2.907359] (606,305)[231.025199][232.589084][1.563885] (604,307)[2098.491279][2117.986761][19.495482] 

  537: (732,426),(729,431)    2    7 

(732,426)[187.146282][192.232761][5.086479] (732,429)[191.512948][210.346694][18.833746] 

   44: (140, 53),(146, 76)    5   30 

(140, 53)[372.161365][372.746035][0.584670] (137, 57)[671.785289][675.838115][4.052826] (139, 65)[227.109175][229.067576][1.958402] (138, 67)[731.830744][739.753340][7.922596] (140, 76)[492.411262][501.744669][9.333407] 

  691: (417,215),(422,214)    1  192479296 

(417,215)[449.505677][473.297760][23.792083] 

   95: (538,231),(523,237)    1   16 

(538,231)[1106.665227][1130.409776][23.744549] 

  474: (319,318),(326,322)    2    9 

(319,318)[286.201098][297.402251][11.201153] (322,322)[288.329149][300.871219][12.542069] 

  217: ( 62, 30),(101, 30)    3   40 

( 62, 30)[1439.641230][1450.905965][11.264735] ( 80, 14)[618.075741][625.124424][7.048683] ( 87, 18)[1212.716084][1218.055776][5.339691] 

  591: (309,686),(329,695)    2   21 

(309,686)[582.551443][589.501222][6.949779] (317,687)[843.450455][860.106522][16.656067] 

  371: (512,220),(512,223)    2    7 

(512,220)[180.792101][201.248800][20.456698] (515,222)[190.593634][193.564565][2.970931] 

  225: ( 75, 22),( 87, 35)    2   16 

( 75, 22)[359.016819][363.160172][4.143353] ( 76, 26)[775.115636][794.228609][19.112973] 

  545: (681,438),(741,444)    4   61 

(681,438)[1270.011984][1274.473212][4.461228] (697,437)[889.333914][893.709635][4.375721] (708,440)[359.233922][360.143311][0.909389] (712,439)[2234.787134][2247.887918][13.100784] 

  473: (317,318),(317,326)    1    9 

(317,318)[526.029076][548.799825][22.770750] 

  574: (221,656),(194,682)    5   38 

(221,656)[267.533344][268.099540][0.566195] (218,659)[923.080895][925.810132][2.729237] (215,672)[383.282584][387.513947][4.231363] (210,677)[433.488899][444.825325][11.336426] (204,680)[716.896320][720.236703][3.340383] 

  386: ( 40,239),( 40,242)    5   20 

( 40,239)[207.378500][209.037942][1.659442] ( 42,238)[473.501676][482.391079][8.889403] ( 48,239)[204.893422][206.009807][1.116385] ( 49,241)[208.342475][209.330462][0.987987] ( 47,243)[539.197556][548.675558][9.478002] 

  676: ( 17,732),( 11,739)    1    8 

( 17,732)[366.425828][388.446591][22.020764] 

   26: (406, 37),(392, 81)    4   45 

(406, 37)[359.285287][359.623353][0.338066] (403, 41)[777.398616][787.358396][9.959780] (402, 51)[724.170002][728.121525][3.951523] (397, 60)[1548.402838][1556.141000][7.738162] 

  625: (145,717),(169,713)    3   25 

(145,717)[779.000418][786.025953][7.025536] (156,710)[184.497797][188.576046][4.078249] (158,712)[731.103773][741.871329][10.767557] 

  441: (227,289),(232,291)    1    6 

(227,289)[318.307195][339.944582][21.637387] 

  604: (165,695),(187,696)    1   23 

(165,695)[1278.975754][1300.448494][21.472740] 

  229: ( 47, 25),( 51, 31)    1    7 

( 47, 25)[444.178949][465.427781][21.248832] 

  613: (296,699),(321,710)    2   26 

(296,699)[1463.697258][1478.961109][15.263851] (316,709)[417.437780][423.286621][5.848841] 

  639: (184,717),(200,717)    1   17 

(184,717)[644.141333][665.160886][21.019553] 

   99: (562,247),(552,251)    2   11 

(562,247)[397.550695][404.608870][7.058175] (557,246)[393.690421][407.528522][13.838101] 

  184: (145,733),(158,733)    1   14 

(145,733)[837.044363][857.849526][20.805162] 

  149: (128,686),(164,685)    7   43 

(128,686)[286.111544][286.743865][0.632321] (125,683)[706.078185][709.653874][3.575689] (134,676)[420.536098][425.370620][4.834522] (139,676)[767.998681][774.185662][6.186981] (149,683)[617.954300][621.061729][3.107430] (157,683)[261.788914][262.496189][0.707275] (160,685)[312.259720][313.957600][1.697880] 

  519: (663,407),(656,420)    5   26 

(663,407)[373.263242][377.560526][4.297284] (668,412)[503.130776][513.982725][10.851949] (669,419)[464.711062][467.546744][2.835682] (663,423)[416.456728][418.239902][1.783175] (658,422)[205.806966][206.740580][0.933614] 

  540: (662,428),(674,429)    1   13 

(662,428)[827.096016][847.415091][20.319074] 

  106: (607,321),(603,335)    1   15 

(607,321)[937.093160][957.327352][20.234192] 

  478: (510,324),(494,338)    3   22 

(510,324)[677.833669][688.652811][10.819142] (500,327)[382.880435][387.320654][4.440218] (495,332)[465.047894][469.852675][4.804781] 

  433: (587,278),(606,281)    1   20 

(587,278)[1470.941423][1490.853658][19.912234] 

  340: (515,177),(488,202)    3   36 

(515,177)[986.819718][990.203339][3.383620] (501,189)[879.305817][884.824139][5.518322] (496,202)[563.308179][574.296344][10.988164] 

  470: (236,317),(231,330)    1   14 

(236,317)[1037.208843][1057.067400][19.858557] 

  515: (570,404),(584,409)    2   15 

(570,404)[499.166522][506.579863][7.413341] (577,404)[478.511040][490.844721][12.333681] 

  502: (475,376),(464,380)    2   12 

(475,376)[539.635824][556.506042][16.870217] (468,377)[330.687375][333.556988][2.869613] 

  669: (261,728),(256,739)    2   12 

(261,728)[445.158414][448.630348][3.471934] (257,733)[464.382605][480.561187][16.178582] 

  417: (608,263),(624,266)    3   20 

(608,263)[358.449543][362.533072][4.083529] (609,267)[276.800113][282.038310][5.238197] (612,265)[982.032277][992.002158][9.969881] 

  122: (129,350),(154,263)    7   88 

(129,350)[1474.314256][1478.509464][4.195209] (133,331)[363.003689][363.643275][0.639586] (136,327)[1598.384049][1601.418666][3.034616] (141,306)[943.473022][946.177147][2.704125] (147,294)[1085.259122][1088.740571][3.481449] (149,280)[861.058277][863.682949][2.624672] (155,269)[493.705072][496.253792][2.548719] 

  384: (624,235),(635,246)    2   20 

(624,235)[763.324224][776.245914][12.921690] (634,237)[691.401520][697.688057][6.286537] 

  119: (333,333),(339,334)    1    7 

(333,333)[394.292716][413.424878][19.132162] 

  354: (510,203),(518,207)    2   15 

(510,203)[550.565132][563.255359][12.690227] (518,201)[429.172866][435.517512][6.344646] 

  605: (267,695),(286,697)    1   20 

(267,695)[1225.815593][1244.576718][18.761125] 

  407: ( 30,256),( 18,259)    1   13 

( 30,256)[838.094980][856.678330][18.583350] 

  702: (457,481),(411,640)    6  192479296 

(457,481)[4000.866305][4005.445163][4.578857] (443,535)[2343.400571][2349.657134][6.256563] (432,566)[366.158731][366.940495][0.781764] (432,570)[1023.297800][1024.362054][1.064254] (427,583)[2798.070541][2802.181287][4.110745] (418,620)[1541.523087][1543.278348][1.755261] 

  133: (467,360),(471,367)    2    9 

(467,360)[352.540975][362.627231][10.086256] (471,363)[349.934790][358.363347][8.428557] 

  199: (476,  1),(466, 38)    1   38 

(476,  1)[2625.603315][2643.960521][18.357205] 

  513: ( 79,402),( 76,414)    1   13 

( 79,402)[966.118211][984.461336][18.343125] 

  503: (461,379),(464,396)    3   18 

(461,379)[432.370985][441.372413][9.001428] (461,384)[421.409285][425.870111][4.460827] (465,389)[578.300235][583.074398][4.774163] 

  695: (300, 11),(259,126)    5  192479296 

(300, 11)[2215.313658][2220.348587][5.034929] (289, 40)[2915.620582][2921.302137][5.681556] (277, 79)[436.273545][437.412384][1.138839] (274, 84)[2971.446405][2977.327348][5.880942] (263,124)[368.119615][368.510337][0.390722] 

  585: ( 60,674),( 74,692)    3   25 

( 60,674)[520.921487][522.804790][1.883303] ( 67,675)[626.528213][632.528899][6.000687] ( 72,683)[683.370776][693.380968][10.010192] 

  212: (215,  8),(203, 48)    5   41 

(215,  8)[857.550041][862.772449][5.222408] (210, 19)[635.327895][637.792084][2.464189] (210, 27)[426.099005][430.140664][4.041659] (207, 32)[843.181890][847.327834][4.145945] (206, 43)[417.831323][419.684802][1.853479] 

  615: (216,703),(230,704)    3   15 

(216,703)[249.473347][251.530864][2.057517] (219,703)[321.507134][327.204501][5.697367] (223,706)[554.721354][564.673663][9.952309] 

  116: (333,333),(361,343)    5   40 

(333,333)[244.940207][251.271587][6.331380] (331,329)[208.195965][208.971064][0.775099] (334,328)[520.802892][525.798399][4.995507] (343,332)[737.730866][741.133637][3.402771] (356,333)[581.080688][583.191524][2.110836] 

  197: (422,  1),(412, 33)    1   33 

(422,  1)[2264.527835][2282.112444][17.584609] 

  233: (  3, 27),( 14, 28)    1   12 

(  3, 27)[779.562969][796.947896][17.384927] 

  291: (521, 95),(536, 99)    2   16 

(521, 95)[369.912488][380.328638][10.416150] (527, 95)[602.766267][609.498430][6.732163] 

  195: (340,  1),(311, 86)    2   86 

(340,  1)[1499.137461][1503.769423][4.631963] (335, 20)[4904.917033][4917.302786][12.385753] 

  296: (549,103),(547,116)    2   14 

(549,103)[576.220007][586.600001][10.379994] (549,110)[487.890491][494.467927][6.577435] 

  505: (466,383),(477,392)    3   15 

(466,383)[262.284914][265.832957][3.548043] (469,381)[451.425436][459.935700][8.510264] (475,387)[389.621833][394.496276][4.874443] 

  634: (292,714),(281,720)    2   12 

(292,714)[349.097061][356.120984][7.023923] (287,715)[409.415695][419.312511][9.896816] 

  549: ( 90,461),( 34,651)   13  191 

( 90,461)[975.397588][976.698105][1.300517] ( 84,473)[1122.432534][1124.300873][1.868339] ( 82,487)[223.878743][223.886870][0.008127] ( 80,489)[297.876215][298.128328][0.252113] ( 81,492)[373.392012][373.574799][0.182787] ( 78,496)[750.699815][751.676957][0.977142] ( 76,505)[1494.450949][1496.141611][1.690662] ( 68,524)[1637.882948][1639.953012][2.070064] ( 63,545)[1933.224578][1935.434880][2.210302] ( 53,570)[2076.292664][2078.106615][1.813951] ( 48,597)[668.146520][668.595426][0.448906] ( 44,605)[1692.875536][1694.786897][1.911361] ( 37,627)[1848.868361][1851.000863][2.132503] 

  552: (416,476),(371,632)    7  157 

(416,476)[945.722359][946.256387][0.534028] (411,488)[1464.140229][1466.057300][1.917070] (407,507)[1994.760009][1996.258689][1.498680] (398,533)[1326.857825][1328.582850][1.725024] (395,550)[1981.438680][1984.274476][2.835796] (386,576)[2566.446435][2571.918680][5.472245] (379,610)[1675.773191][1678.413921][2.640730] 

  535: (709,426),(713,434)    2    9 

(709,426)[383.915388][389.893361][5.977973] (713,431)[250.480131][260.986911][10.506780] 

  196: (375,  1),(324,157)   10  157 

(375,  1)[1092.804224][1093.927221][1.122997] (372, 15)[1019.153745][1020.357119][1.203374] (366, 28)[2336.203827][2339.370524][3.166698] (357, 59)[583.755310][584.119605][0.364295] (353, 66)[1026.774822][1028.124360][1.349538] (350, 79)[1237.114020][1239.196299][2.082278] (343, 95)[801.299600][802.425914][1.126314] (341,105)[943.709932][944.798543][1.088611] (336,117)[582.407320][583.441654][1.034334] (335,124)[2448.287075][2452.178336][3.891261] 

  383: (129,235),(128,240)    1    6 

(129,235)[325.661992][342.031939][16.369946] 

   48: (704, 60),(647,233)    5  174 

(704, 60)[349.424076][350.207216][0.783140] (705, 64)[706.418379][707.125453][0.707074] (701, 73)[4016.809732][4021.696740][4.887008] (684,129)[1561.640312][1563.738772][2.098460] (673,150)[6014.594666][6022.399488][7.804822] 

  355: (548,202),(536,216)    2   16 

(548,202)[773.220180][778.207008][4.986829] (538,211)[428.224149][439.386468][11.162319] 

  405: (  1,255),( 10,255)    1   10 

(  1,255)[614.298820][630.384034][16.085215] 

  169: (100,710),(102,703)    2    8 

(100,710)[281.748282][295.053996][13.305714] (103,706)[237.592467][240.144562][2.552094] 

  637: (296,715),(304,717)    2   11 

(296,715)[276.143575][280.785686][4.642112] (297,718)[557.201362][568.416820][11.215458] 

  459: (611,304),(624,310)    2   14 

(611,304)[652.048426][666.113724][14.065298] (619,305)[453.636279][455.427314][1.791035] 

  204: (714,  1),(679, 81)    7   82 

(714,  1)[2993.972292][3001.195356][7.223064] (701, 42)[640.989200][642.063514][1.074314] (701, 50)[211.646013][211.652834][0.006821] (703, 52)[345.616483][346.892758][1.276276] (702, 56)[1195.292274][1199.403638][4.111364] (686, 71)[213.594635][213.609932][0.015297] (687, 73)[629.958312][631.953058][1.994746] 

  453: (178,300),( 73,658)    8  359 

(178,300)[1541.535348][1542.050458][0.515110] (171,321)[1682.678421][1683.446638][0.768217] (166,344)[2900.830729][2902.298113][1.467383] (153,384)[4835.108509][4837.696357][2.587848] (135,451)[3272.569158][3274.886670][2.317513] (120,496)[4322.347742][4324.775444][2.427702] (104,556)[988.841053][989.645718][0.804665] ( 99,569)[6290.639951][6295.419205][4.779254] 

  435: (570,281),(542,287)    3   29 

(570,281)[414.819261][416.934585][2.115324] (565,286)[643.939951][649.633027][5.693076] (557,289)[1145.714796][1153.498556][7.783760] 

  178: (340,715),(349,724)    2   13 

(340,715)[313.342482][322.502761][9.160279] (344,716)[587.884598][594.249430][6.364832] 

  667: (300,727),(287,738)    1   14 

(300,727)[808.886531][824.315600][15.429070] 

  279: (431, 79),(422,111)    6   39 

(431, 79)[625.827707][627.327666][1.499959] (430, 87)[478.035691][478.934220][0.898529] (434, 93)[345.765544][348.437843][2.672299] (434, 97)[985.789618][994.112313][8.322696] (429,110)[209.036251][209.262187][0.225936] (427,112)[415.767397][417.498826][1.731429] 

  404: (614,254),(606,257)    1    9 

(614,254)[618.052961][633.373247][15.320286] 

  693: (506,415),(497,428)    2  192479296 

(506,415)[433.738362][435.075521][1.337159] (501,415)[982.373174][996.222651][13.849478] 

  539: (632,428),(703,446)    7   72 

(632,428)[812.438177][815.300190][2.862013] (642,434)[1103.204918][1106.503518][3.298600] (656,434)[365.142152][366.285631][1.143479] (660,436)[1034.267271][1037.515848][3.248577] (673,437)[872.278781][874.633628][2.354847] (684,442)[786.344662][787.693645][1.348983] (694,443)[714.635343][715.512569][0.877227] 

  216: (259, 13),(204, 69)    3   67 

(259, 13)[3211.161407][3219.762746][8.601339] (215, 47)[625.421301][627.397804][1.976503] (207, 55)[1100.945581][1105.292876][4.347295] 

  534: (385,423),(334,609)    7  187 

(385,423)[291.805128][291.912245][0.107117] (382,426)[1379.305669][1380.775167][1.469499] (383,444)[1599.923466][1601.172335][1.248869] (378,465)[217.962220][217.991708][0.029488] (376,467)[290.885597][291.397207][0.511610] (377,470)[7051.684930][7059.721861][8.036931] (349,566)[3211.174330][3214.669199][3.494869] 

  311: (668,124),(634,223)    6  100 

(668,124)[2576.090945][2579.541412][3.450467] (655,159)[431.383266][432.193227][0.809960] (655,164)[2014.321363][2018.380022][4.058659] (644,191)[1373.558309][1376.161959][2.603650] (640,209)[721.152961][724.028222][2.875261] (635,218)[429.440546][430.315855][0.875309] 

  257: (161, 46),(166, 93)    5   48 

(161, 46)[950.843934][953.590464][2.746530] (160, 58)[439.532545][440.604913][1.072368] (164, 63)[1049.892262][1054.773046][4.880784] (161, 76)[600.304443][602.783751][2.479307] (165, 83)[819.527718][822.887729][3.360011] 

  400: (633,252),(625,272)    2   21 

(633,252)[506.795739][509.983032][3.187293] (629,258)[1097.658174][1108.964485][11.306312] 

  381: (447,232),(442,246)    2   15 

(447,232)[401.338420][409.026702][7.688282] (446,238)[512.815369][519.585308][6.769938] 

  457: (523,302),(523,313)    2   12 

(523,302)[487.856873][497.813724][9.956851] (527,308)[414.341873][418.836878][4.495005] 

  390: (528,239),(542,242)    1   15 

(528,239)[1035.354685][1049.799542][14.444858] 

  266: (527, 55),(522, 56)    1    6 

(527, 55)[366.802707][381.094769][14.292061] 

  556: (191,492),(156,627)    7  136 

(191,492)[294.173045][294.355204][0.182158] (194,495)[443.529081][443.937105][0.408024] (194,500)[1908.290428][1911.610717][3.320289] (184,525)[2286.001208][2289.659671][3.658463] (177,555)[1323.470989][1325.260885][1.789896] (170,572)[1240.571777][1243.233907][2.662129] (168,588)[2917.570296][2919.801715][2.231419] 

  150: (128,686),(137,693)    3   18 

(128,686)[436.339453][438.117670][1.778217] (133,684)[426.625594][432.268025][5.642431] (138,686)[553.027948][559.800496][6.772548] 

  331: (379,162),(360,171)    4   21 

(379,162)[211.353781][211.767277][0.413496] (377,164)[629.348678][637.496083][8.147406] (369,163)[475.199359][478.535854][3.336495] (364,169)[334.027660][336.129907][2.102246] 

  454: (259,300),(266,304)    1    8 

(259,300)[388.599958][402.413274][13.813316] 

  550: (270,464),(213,643)   10  180 

(270,464)[662.577401][663.256110][0.678709] (266,472)[589.352242][589.941827][0.589584] (266,479)[808.456778][809.025240][0.568462] (261,489)[589.049186][589.591379][0.542193] (261,496)[810.867814][811.235188][0.367374] (256,506)[589.364878][589.716877][0.351999] (256,513)[812.929645][813.637284][0.707640] (252,523)[663.637445][664.087085][0.449639] (251,531)[1908.002420][1909.745718][1.743298] (239,556)[6392.063704][6399.834941][7.771237] 

  579: (195,664),(160,680)    5   36 

(195,664)[452.976380][455.952890][2.976510] (189,664)[659.002956][660.111344][1.108388] (180,669)[534.081880][535.987824][1.905945] (173,670)[719.082565][724.761319][5.678754] (163,680)[256.929191][258.998298][2.069107] 

  466: (662,309),(689,317)    2   28 

(662,309)[871.881103][883.149679][11.268577] (673,316)[1236.796944][1239.224046][2.427102] 

   21: (127, 37),(115, 35)    1   13 

(127, 37)[994.883305][1008.540570][13.657266] 

  573: (207,654),(192,662)    2   17 

(207,654)[717.521314][727.948115][10.426802] (197,656)[456.877720][459.979895][3.102175] 

  622: (179,708),(172,714)    1    8 

(179,708)[447.352090][460.814421][13.462331] 

  259: ( 19, 48),( 43, 51)    4   25 

( 19, 48)[583.153324][588.919520][5.766196] ( 27, 52)[208.763700][209.426052][0.662353] ( 29, 50)[564.883824][568.325636][3.441812] ( 36, 49)[559.314764][562.893936][3.579172] 

  602: (309,694),(324,703)    3   16 

(309,694)[386.971611][391.638084][4.666473] (313,697)[596.713342][604.245648][7.532307] (320,699)[377.823427][379.062625][1.239198] 

  596: (221,689),(252,689)    1   32 

(221,689)[2256.786160][2270.145186][13.359027] 

  214: (  6, 12),(  1, 18)    2   13 

(  6, 12)[443.141959][452.352062][9.210103] (  7, 18)[434.779135][438.894685][4.115550] 

  609: (257,697),(277,700)    3   23 

(257,697)[387.637589][389.695511][2.057922] (260,702)[664.064740][673.034507][8.969767] (269,702)[598.125323][600.300471][2.175148] 

  501: (453,376),(453,391)    2   16 

(453,376)[718.497991][726.667306][8.169315] (456,385)[504.989812][509.651782][4.661970] 

  684: (120,737),(133,738)    1   14 

(120,737)[886.517270][899.250375][12.733105] 

  462: (517,306),(517,312)    1    7 

(517,306)[453.016629][465.706151][12.689522] 

  423: (579,270),(584,270)    1    6 

(579,270)[379.630063][392.313707][12.683644] 

  500: (307,376),(262,534)   13  159 

(307,376)[872.338658][873.002435][0.663776] (306,387)[1389.106561][1390.186290][1.079729] (289,405)[883.511429][883.827917][0.316488] (287,416)[585.636656][586.554783][0.918127] (291,423)[293.873815][294.053442][0.179627] (289,426)[953.153681][954.219821][1.066140] (288,438)[664.662952][666.066816][1.403864] (284,446)[1921.014553][1923.475037][2.460484] (277,471)[744.943660][745.591081][0.647421] (273,480)[1111.605901][1113.115351][1.509450] (271,494)[2454.241817][2455.925084][1.683268] (260,526)[447.285089][447.647797][0.362707] (260,531)[297.653935][297.833542][0.179606] 

   62: (545,102),(552, 91)    3   14 

(545,102)[267.587663][271.942142][4.354479] (547, 99)[341.502672][345.533686][4.031013] (551, 97)[493.824097][497.858000][4.033903] 

  611: (117,699),(108,711)    1   13 

(117,699)[752.027173][764.282825][12.255652] 

  415: (156,262),(169,279)    3   23 

(156,262)[570.391035][575.696113][5.305078] (163,264)[571.511236][576.678811][5.167575] (170,271)[630.391998][632.083344][1.691346] 

   20: (317, 33),(282,130)    4   98 

(317, 33)[450.127260][450.788608][0.661347] (314, 38)[679.809068][681.646342][1.837275] (313, 46)[1317.906650][1320.312243][2.405594] (305, 63)[4914.422786][4921.583647][7.160861] 

  671: ( 46,729),( 53,739)    2   11 

( 46,729)[373.762726][382.723451][8.960725] ( 54,737)[126.191377][129.259546][3.068169] 

   71: (493,157),(487,156)    1    7 

(493,157)[470.834201][482.704021][11.869821] 

  375: (477,225),(487,229)    1   11 

(477,225)[831.218307][843.062224][11.843918] 

  224: (  5, 22),( 14, 25)    2   10 

(  5, 22)[318.346101][322.579835][4.233734] (  9, 22)[373.521379][381.066712][7.545333] 

  148: (441,424),(401,575)    9  152 

(441,424)[935.176288][935.650508][0.474220] (437,436)[1312.821535][1314.460651][1.639116] (436,453)[1405.824144][1406.944383][1.120238] (429,471)[811.528817][811.844846][0.316029] (428,481)[516.844815][517.301390][0.456574] (425,487)[517.531530][518.199463][0.667933] (425,493)[2732.079883][2735.552680][3.472797] (414,529)[1030.008967][1031.050512][1.041545] (412,542)[2510.270477][2512.860994][2.590517] 

  616: (232,703),(238,712)    2   12 

(232,703)[480.052763][488.834828][8.782065] (233,709)[393.621505][396.512115][2.890611] 

    2: ( 82, 10),(105, 28)    2   24 

( 82, 10)[1676.811259][1687.284050][10.472791] (102, 27)[314.145336][315.339168][1.193831] 

  679: (160,734),(160,739)    1    6 

(160,734)[328.156530][339.756551][11.600021] 

  567: (685,573),(642,739)    7  167 

(685,573)[1164.236382][1165.052480][0.816098] (682,588)[3631.142639][3635.001705][3.859066] (667,637)[2042.259192][2044.260471][2.001279] (662,664)[1685.222570][1686.914028][1.691458] (655,686)[1469.460826][1470.512412][1.051586] (651,705)[1911.128810][1912.896841][1.768031] (643,730)[731.074084][731.413659][0.339575] 

  267: ( 13, 60),(  1, 61)    1   13 

( 13, 60)[935.554543][947.046127][11.491584] 

  301: (188,109),(198,114)    2   11 

(188,109)[599.750941][607.987780][8.236838] (195,115)[290.702182][293.869953][3.167771] 

  692: (441,220),(444,223)    1  192479296 

(441,220)[306.127254][317.501481][11.374227] 

  250: (309, 41),(275,130)    7   94 

(309, 41)[372.798285][373.575681][0.777395] (309, 45)[879.090663][880.966459][1.875796] (305, 56)[946.251357][947.181461][0.930104] (298, 68)[505.678981][506.348851][0.669870] (298, 74)[3249.826335][3253.485420][3.659085] (282,118)[943.697773][946.542282][2.844509] (279,130)[366.534466][366.997265][0.462799] 

  359: (537,207),(533,216)    2   10 

(537,207)[504.282271][511.530335][7.248064] (533,213)[289.729734][293.556959][3.827225] 

  578: (212,663),(188,673)    3   29 

(212,663)[328.415253][329.507793][1.092541] (212,667)[776.610120][778.516025][1.905905] (201,674)[892.651052][900.706576][8.055524] 

  299: (190,105),(183,109)    2    8 

(190,105)[336.714783][342.242489][5.527706] (186,106)[268.753533][274.206417][5.452884] 

  287: (140, 90),(160, 99)    3   21 

(140, 90)[532.971964][535.416590][2.444626] (146, 91)[531.312065][533.857448][2.545382] (152, 96)[675.039919][680.983144][5.943225] 

  506: (423,387),(476,404)    2   54 

(423,387)[1316.931504][1320.252892][3.321387] (440,394)[2712.010018][2719.508079][7.498060] 

  391: ( 38,242),( 37,265)    5   24 

( 38,242)[415.817815][420.027939][4.210124] ( 39,247)[281.443520][283.869914][2.426394] ( 37,250)[494.713085][496.389815][1.676730] ( 37,256)[279.951381][281.695310][1.743929] ( 39,259)[501.089062][501.806974][0.717913] 

  247: ( 27, 41),( 21, 42)    1    7 

( 27, 41)[502.388621][513.151985][10.763364] 

  439: (600,289),(575,288)    3   26 

(600,289)[281.356902][282.621865][1.264963] (597,287)[271.678329][272.931736][1.253407] (594,289)[1335.998830][1344.144381][8.145551] 

  568: (741,577),(704,715)    4  139 

(741,577)[649.496345][649.987548][0.491203] (740,585)[1233.647993][1235.404114][1.756121] (734,601)[1610.126621][1612.178408][2.051786] (730,622)[6873.411286][6879.721573][6.310287] 

  642: (116,718),(128,732)    4   20 

(116,718)[454.602498][458.436888][3.834390] (122,719)[388.495306][392.116418][3.621112] (126,724)[458.452143][461.065004][2.612862] (126,730)[199.108849][199.639495][0.530646] 

  620: (155,707),(138,713)    2   18 

(155,707)[452.883008][456.160157][3.277149] (148,706)[616.783888][624.092194][7.308306] 

  541: (733,431),(741,431)    1    9 

(733,431)[497.592204][508.121686][10.529482] 

  244: (167, 35),(166, 53)    2   19 

(167, 35)[730.587207][737.227564][6.640357] (168, 44)[739.225421][743.056968][3.831547] 

  584: ( 42,672),( 56,673)    1   15 

( 42,672)[948.980297][959.448502][10.468205] 

  102: (201,286),(183,275)    2   19 

(201,286)[627.901285][629.683983][1.782698] (193,278)[761.814674][770.461594][8.646919] 

   97: (559,233),(552,235)    1    8 

(559,233)[529.401350][539.808601][10.407251] 

  205: ( 25,  2),(  8, 11)    2   18 

( 25,  2)[588.858119][592.569227][3.711108] ( 17,  3)[636.846025][643.492934][6.646910] 

  512: ( 75,402),( 73,412)    1   11 

( 75,402)[834.555781][844.893072][10.337291] 

  504: (452,381),(450,388)    1    8 

(452,381)[527.956307][538.268907][10.312599] 

  482: (650,329),(647,340)    1   12 

(650,329)[764.465495][774.638368][10.172873] 

  101: (562,247),(577,252)    4   19 

(562,247)[503.391366][507.038354][3.646988] (568,250)[643.320960][647.456250][4.135290] (576,248)[214.984845][216.535608][1.550763] (578,250)[204.296208][204.953828][0.657619] 

  298: (142,105),(134,117)    2   15 

(142,105)[599.467100][607.919240][8.452140] (139,114)[359.352782][360.872824][1.520042] 

   90: (533,225),(538,231)    2    8 

(533,225)[302.091990][304.760786][2.668797] (534,228)[371.425849][378.684138][7.258289] 

  617: ( 59,705),( 62,716)    1   12 

( 59,705)[805.943202][815.847487][9.904285] 

  179: (159,725),(167,715)    1   11 

(159,725)[676.215838][685.931470][9.715632] 

  262: (246, 52),(202, 88)    2   45 

(246, 52)[2045.985381][2049.403129][3.417747] (219, 71)[1285.054113][1291.215734][6.161620] 

  590: (  1,685),( 10,686)    2   10 

(  1,685)[442.542615][447.382029][4.839414] (  7,685)[247.170542][251.808527][4.637985] 

  402: (618,253),(618,261)    1    9 

(618,253)[631.283111][640.749096][9.465985] 

  158: ( 98,690),( 92,690)    1    7 

( 98,690)[442.543343][451.977041][9.433698] 

  268: (141, 60),(148, 75)    1   16 

(141, 60)[1148.851203][1158.283277][9.432074] 

  436: (741,281),(719,290)    2   23 

(741,281)[596.570752][601.077315][4.506563] (733,281)[1023.845723][1028.728848][4.883125] 

  162: ( 58,701),( 66,691)    4   25 

( 58,701)[854.312465][856.278149][1.965684] ( 69,702)[429.765188][431.443915][1.678727] ( 72,697)[345.890405][347.318362][1.427958] ( 70,693)[335.137073][339.409435][4.272363] 

  561: (600,508),(551,674)   12  167 

(600,508)[723.458283][723.710464][0.252181] (599,517)[870.107087][870.559703][0.452616] (595,528)[1091.376579][1091.921808][0.545229] (593,542)[1530.761119][1532.018049][1.256930] (585,562)[2995.741485][2999.679053][3.937569] (575,602)[732.530581][733.007970][0.477389] (571,611)[808.639936][809.092572][0.452636] (569,621)[950.293261][950.762842][0.469582] (563,633)[294.932548][295.046725][0.114178] (564,636)[1693.009475][1693.655552][0.646077] (559,658)[661.747306][662.054758][0.307452] (553,666)[661.129571][661.453511][0.323940] 

  245: ( 93, 38),( 86, 48)    3   18 

( 93, 38)[283.225716][285.487359][2.261643] ( 90, 37)[502.287838][505.909760][3.621922] ( 84, 40)[676.376333][679.712159][3.335826] 

  544: (526,434),(480,620)    4  187 

(526,434)[2618.957465][2620.435041][1.477576] (517,470)[787.526297][788.028629][0.502333] (516,480)[5782.043393][5787.048964][5.005570] (494,559)[4535.671200][4537.767154][2.095954] 

  104: (201,286),(236,303)    1   36 

(201,286)[2576.790451][2585.865808][9.075357] 

  564: (517,542),(487,684)    6  143 

(517,542)[290.276461][290.328766][0.052305] (518,545)[5451.742541][5456.544600][4.802058] (498,619)[1818.990816][1820.477200][1.486383] (494,643)[2411.359339][2413.823575][2.464236] (484,675)[510.070183][510.220075][0.149892] (484,681)[292.562579][292.621108][0.058529] 

  422: (572,269),(577,269)    1    6 

(572,269)[403.671364][412.627355][8.955990] 

  160: ( 58,701),( 41,694)    3   19 

( 58,701)[345.504371][346.663003][1.158632] ( 55,697)[471.277493][474.805469][3.527975] ( 49,698)[600.675666][604.901813][4.226147] 

  547: (600,447),(566,594)    3  148 

(600,447)[2425.118470][2427.413237][2.294766] (595,480)[1723.712425][1725.573212][1.860786] (588,503)[6692.468278][6697.208402][4.740124] 

  589: ( 61,683),( 46,686)    4   17 

( 61,683)[209.838146][210.623887][0.785741] ( 60,685)[635.893695][641.896885][6.003190] ( 52,685)[215.635369][217.083039][1.447670] ( 50,687)[350.392200][351.005414][0.613214] 

  294: (644,100),(640,110)    1   11 

(644,100)[834.458479][843.283423][8.824944] 

  464: (123,307),( 81,404)    6  101 

(123,307)[869.384234][869.912473][0.528238] (121,318)[1157.530146][1158.236356][0.706210] (115,333)[876.285072][876.929302][0.644230] (113,344)[2330.734538][2332.498067][1.763529] (103,375)[800.810623][801.350760][0.540137] (103,385)[1662.867211][1667.504017][4.636806] 

   46: (704, 60),(724,  1)    6   60 

(704, 60)[340.751547][342.409667][1.658120] (708, 56)[764.035270][766.105010][2.069740] (710, 46)[1053.892946][1055.486810][1.593863] (716, 32)[564.799512][565.708171][0.908659] (717, 25)[1202.447912][1204.437934][1.990022] (723,  9)[631.141063][631.648315][0.507253] 

  608: (236,697),(248,697)    1   13 

(236,697)[918.014986][926.740383][8.725397] 

  347: (489,190),(483,200)    3   17 

(489,190)[392.253939][397.230021][4.976082] (490,195)[189.993881][191.092763][1.098882] (492,197)[662.324131][664.843801][2.519670] 

   28: (127, 37),(109, 52)    4   24 

(127, 37)[465.562891][470.574383][5.011492] (126, 42)[611.868960][613.962792][2.093832] (120, 49)[623.666247][624.778275][1.112027] (113, 52)[395.428920][395.789404][0.360484] 

  327: (666,160),(656,190)    1   31 

(666,160)[2130.013781][2138.505971][8.492190] 

   49: (183, 61),(165, 72)    2   20 

(183, 61)[863.387087][866.680679][3.293592] (172, 64)[666.924429][672.077060][5.152631] 

  408: (510,258),(505,258)    1    6 

(510,258)[342.907641][351.247597][8.339956] 

  566: (547,555),(512,680)    6  126 

(547,555)[875.314570][875.957506][0.642936] (542,566)[2697.205484][2699.412109][2.206625] (533,602)[945.615805][946.812948][1.197144] (528,614)[1237.055830][1238.581009][1.525179] (526,630)[2844.816360][2846.989606][2.173245] (514,668)[952.785864][953.278513][0.492649] 

  240: ( 79, 35),( 75, 38)    5   23 

( 79, 35)[429.878526][431.005872][1.127346] ( 74, 34)[361.232580][363.634747][2.402166] ( 70, 32)[371.728134][372.883712][1.155578] ( 66, 35)[369.226954][369.995852][0.768897] ( 70, 38)[434.563913][437.227648][2.663734] 

  523: (514,412),(531,415)    2   18 

(514,412)[744.764544][750.072203][5.307658] (523,415)[674.504719][677.274693][2.769974] 

  163: (125,707),(130,700)    1    8 

(125,707)[448.733726][456.611563][7.877837] 

   45: (140, 53),(154, 51)    4   30 

(140, 53)[1033.333454][1035.492576][2.159122] (149, 66)[292.519715][293.529341][1.009625] (152, 64)[586.078045][588.975777][2.897732] (152, 57)[508.891249][510.690839][1.799590] 

  297: (135,104),(128,118)    2   15 

(135,104)[396.628360][401.876010][5.247650] (130,110)[520.292579][522.883178][2.590599] 

   67: (684,144),(723, 28)    7  117 

(684,144)[639.851642][640.943800][1.092158] (686,136)[854.363664][855.454874][1.091210] (692,125)[2119.074735][2121.317509][2.242774] (700, 96)[632.232856][632.558405][0.325549] (704, 88)[843.086353][843.556085][0.469731] (706, 77)[1833.385086][1834.774506][1.389420] (716, 52)[1762.582458][1763.797869][1.215410] 

  286: (310, 89),(280,132)    3   61 

(310, 89)[3331.996766][3337.884823][5.888057] (295,134)[215.280221][215.698922][0.418701] (293,135)[1011.293125][1012.772904][1.479779] 

  554: (718,481),(710,494)    2   14 

(718,481)[629.976412][632.661543][2.685131] (710,489)[434.900178][439.943423][5.043245] 

  424: (610,272),(623,270)    2   14 

(610,272)[514.824523][517.548473][2.723950] (616,270)[612.654185][617.643851][4.989666] 

  295: (157,103),(165,108)    2   11 

(157,103)[372.411076][376.086917][3.675841] (161,102)[516.003631][520.011535][4.007904] 

  521: (663,410),(653,418)    2   12 

(663,410)[518.776189][522.188295][3.412107] (656,414)[315.564563][319.783994][4.219430] 

  260: (204, 50),(192, 56)    2   13 

(204, 50)[436.835433][439.827276][2.991843] (199, 50)[590.551715][595.159961][4.608246] 

  323: (374,151),(410,163)    3   40 

(374,151)[1300.517282][1304.430567][3.913285] (390,157)[1712.367587][1715.778066][3.410479] (411,161)[232.253609][232.406416][0.152807] 

  492: (321,346),(397,381)    3   77 

(321,346)[2379.132763][2382.737226][3.604463] (353,362)[1803.976317][1805.115376][1.139058] (377,371)[1515.097919][1517.805337][2.707417] 

  593: (148,687),(140,691)    2    9 

(148,687)[358.058166][360.017007][1.958841] (144,687)[348.449366][353.758969][5.309604] 

  697: (115, 38),(103, 58)    2  192479296 

(115, 38)[837.978384][841.164932][3.186548] (105, 47)[911.630486][915.699027][4.068541] 

  465: (514,309),(504,323)    1   15 

(514,309)[1029.339552][1036.560542][7.220990] 

  249: (187, 40),(199, 44)    3   14 

(187, 40)[513.286047][515.019954][1.733907] (193, 43)[442.986204][446.799659][3.813455] (198, 42)[214.564354][216.197868][1.633514] 

  560: (360,507),(335,616)    5  110 

(360,507)[1490.224243][1491.269144][1.044901] (353,526)[596.572938][597.046619][0.473681] (352,533)[5347.058619][5351.830116][4.771498] (330,604)[447.207531][447.456964][0.249433] (330,609)[589.021515][589.643735][0.622220] 

  215: (144, 13),(156, 40)    6   47 

(144, 13)[435.687481][436.003728][0.316247] (149, 16)[796.120262][796.854584][0.734322] (159, 13)[364.902432][366.036379][1.133946] (163, 13)[294.072219][294.987824][0.915606] (165, 16)[1536.923030][1540.624469][3.701439] (155, 36)[369.765992][370.112959][0.346967] 

  460: (703,304),(716,304)    1   14 

(703,304)[925.480999][932.613509][7.132510] 

  353: (470,201),(483,205)    2   14 

(470,201)[742.781125][747.080154][4.299029] (480,202)[261.558266][264.386347][2.828081] 

  704: (353,564),(328,662)    4  192479296 

(353,564)[2192.700827][2195.316424][2.615598] (343,593)[3718.263474][3721.363428][3.099954] (332,643)[1027.375024][1028.306502][0.931479] (327,656)[510.222318][510.654094][0.431776] 

   89: (533,225),(545,225)    2   13 

(533,225)[526.000216][529.448433][3.448217] (539,227)[528.232719][531.852269][3.619550] 

  208: (185,  2),(160,  9)    4   27 

(185,  2)[662.219332][664.171155][1.951823] (178, 10)[509.793242][511.476789][1.683546] (172, 13)[513.177620][515.594325][2.416705] (166,  9)[502.884629][503.721482][0.836853] 

  289: (192, 91),(189, 99)    1    9 

(192, 91)[653.659703][660.546859][6.887156] 

  363: (451,212),(449,220)    1    9 

(451,212)[704.987682][711.866463][6.878780] 

  304: (153,113),(140,127)    1   15 

(153,113)[931.649713][938.338236][6.688523] 

  352: (419,201),(446,214)    2   28 

(419,201)[716.028503][719.637789][3.609285] (427,207)[1615.727357][1618.680590][2.953233] 

  181: (159,725),(175,732)    2   17 

(159,725)[663.414147][666.448977][3.034830] (169,733)[400.258206][403.768170][3.509964] 

  280: (465, 79),(453,117)    3   39 

(465, 79)[562.654237][563.132276][0.478039] (464, 86)[1203.435219][1204.923166][1.487947] (457,102)[1131.407358][1135.979610][4.572252] 

  643: (319,718),(329,719)    1   11 

(319,718)[785.511907][792.041518][6.529612] 

  429: (560,285),(574,275)    2   25 

(560,285)[876.396246][878.701109][2.304863] (561,274)[1017.068345][1021.199560][4.131215] 

  337: (705,164),(698,183)    3   20 

(705,164)[797.424013][801.737876][4.313863] (701,174)[576.747716][578.597843][1.850127] (700,181)[214.650271][214.905330][0.255058] 

   59: (671, 84),(650,101)    1   22 

(671, 84)[1515.406896][1521.771957][6.365062] 

  610: (104,699),( 91,706)    1   14 

(104,699)[884.741312][891.069436][6.328124] 

  569: (430,593),(398,699)    4  107 

(430,593)[811.168262][811.509633][0.341372] (425,603)[1751.995801][1752.793992][0.798191] (421,626)[220.839108][220.873808][0.034699] (419,628)[5238.466728][5243.589790][5.123062] 

  576: (134,661),(130,673)    3   13 

(134,661)[406.355013][408.144118][1.789105] (134,666)[400.927926][405.117270][4.189343] (129,671)[194.403430][194.693820][0.290390] 

    8: (137, 26),(151, 33)    2   15 

(137, 26)[861.656838][866.694431][5.037593] (148, 30)[289.072688][290.298880][1.226192] 

  333: (697,162),(694,184)    3   23 

(697,162)[427.753492][429.209220][1.455728] (699,167)[291.652171][293.102567][1.450396] (697,170)[1085.521088][1088.865074][3.343987] 

  558: (706,505),(709,542)    5   38 

(706,505)[365.390267][365.780066][0.389798] (706,509)[663.212160][663.977288][0.765128] (714,517)[874.706543][877.633419][2.926876] (712,528)[728.991644][730.421825][1.430182] (708,537)[437.823895][438.516301][0.692406] 

   56: (170, 80),(166,103)    4   28 

(170, 80)[297.700088][299.046946][1.346858] (173, 79)[229.685369][230.188442][0.503073] (174, 81)[1445.893032][1449.948469][4.055437] (169, 99)[373.443254][373.662784][0.219530] 

   84: (533,225),(527,223)    1    7 

(533,225)[479.927846][486.051332][6.123487] 

  392: (174,242),(165,248)    1   10 

(174,242)[508.096615][514.187529][6.090913] 

  166: (306,708),(298,705)    3   10 

(306,708)[430.952134][434.382023][3.429889] (301,706)[220.728410][222.208325][1.479916] (299,707)[216.041031][217.176548][1.135517] 

  586: (  9,676),(  1,678)    1    9 

(  9,676)[577.175541][583.133032][5.957491] 

  328: (384,161),(381,176)    3   16 

(384,161)[866.772872][870.581321][3.808449] (382,172)[213.188402][213.658818][0.470416] (380,174)[215.937605][217.436241][1.498636] 

  472: (281,318),(287,322)    2    9 

(281,318)[359.561625][362.134072][2.572447] (285,318)[361.802058][364.973454][3.171396] 

  300: (446,107),(443,115)    1    9 

(446,107)[629.595654][635.299785][5.704130] 

    6: (137, 26),(151, 27)    3   15 

(137, 26)[285.846385][286.008674][0.162289] (140, 23)[216.387958][217.990269][1.602311] (142, 25)[718.926267][722.836521][3.910254] 

  360: (382,208),(387,210)    1    6 

(382,208)[370.758754][376.431212][5.672459] 

  161: ( 58,701),( 44,704)    2   15 

( 58,701)[674.428780][678.644789][4.216009] ( 49,704)[412.656827][414.047644][1.390817] 

  351: (661,200),(646,243)    3   44 

(661,200)[726.121522][727.049636][0.928114] (662,209)[1631.168292][1633.965399][2.797107] (656,231)[914.527931][916.386821][1.858890] 

  562: (452,539),(425,636)    4   98 

(452,539)[3341.552633][3343.777388][2.224754] (440,583)[221.841822][221.902634][0.060812] (441,585)[2328.798987][2330.233572][1.434585] (430,615)[1647.924565][1649.727236][1.802670] 

  467: (706,310),(696,312)    1   11 

(706,310)[730.736298][736.257189][5.520891] 

  542: (365,433),(336,530)    4   98 

(365,433)[3447.708388][3450.739348][3.030960] (350,479)[1548.122083][1549.500606][1.378523] (346,499)[735.750636][735.938902][0.188266] (342,508)[1695.678741][1696.596267][0.917526] 

  123: (129,350),(120,371)    2   22 

(129,350)[1230.128062][1232.558788][2.430726] (124,366)[430.993446][434.075616][3.082170] 

  281: (160, 80),(153, 91)    2   12 

(160, 80)[513.416995][516.561774][3.144779] (154, 86)[451.271986][453.637067][2.365081] 

  223: (508, 21),(514, 32)    2   12 

(508, 21)[416.592633][418.264092][1.671459] (508, 26)[483.638540][487.382651][3.744111] 

  572: (127,643),(113,669)    2   28 

(127,643)[742.409246][744.654270][2.245024] (117,652)[1176.638004][1179.805870][3.167866] 

   41: (187, 49),(201, 47)    3   15 

(187, 49)[375.504010][376.493516][0.989506] (191, 51)[370.243351][372.309951][2.066600] (195, 47)[506.650558][508.979660][2.329103] 

  497: (473,366),(478,370)    1    6 

(473,366)[396.651235][402.031637][5.380403] 

  571: (151,632),(142,656)    2   25 

(151,632)[785.365034][787.180494][1.815460] (146,642)[1041.933009][1045.417493][3.484484] 

  105: (607,321),(612,309)    1   13 

(607,321)[890.970710][896.267891][5.297181] 

  592: ( 70,687),( 68,690)    2    7 

( 70,687)[323.175410][327.829240][4.653830] ( 66,688)[200.858709][201.477423][0.618713] 

  254: (415, 43),(399, 72)    4   31 

(415, 43)[652.465286][653.072638][0.607351] (411, 51)[714.034950][714.689816][0.654865] (402, 59)[348.781913][349.635042][0.853129] (400, 63)[693.089747][696.048952][2.959205] 

   54: (131, 64),(135, 84)    2   21 

(131, 64)[1300.606783][1303.582417][2.975634] (136, 80)[378.701562][380.761725][2.060163] 

  110: (518,327),(522,315)    1   13 

(518,327)[860.192709][865.211198][5.018489] 

  153: ( 41,688),( 51,691)    1   11 

( 41,688)[736.830812][741.840345][5.009533] 

