Total num of bh is 512
  543: (215,657),(396,713)   13  182 

(215,657)[570.461624][585.369934][14.908310] (223,659)[1941.034880][2080.183397][139.148517] (255,683)[871.001041][929.923240][58.922199] (269,685)[506.651430][571.840661][65.189231] (277,689)[1540.028810][1751.043537][211.014727] (304,696)[380.771589][431.912850][51.141261] (310,699)[906.136027][971.053687][64.917660] (324,700)[985.059931][1076.507030][91.447099] (340,706)[311.631265][331.126669][19.495404] (344,709)[754.695112][790.530808][35.835697] (355,712)[935.991673][981.667717][45.676044] (369,712)[382.357510][429.534084][47.176575] (375,714)[1094.614069][1264.245054][169.630985] 

  200: (686, 90),(466,143)   10  232 

(686, 90)[1664.092045][1721.573068][57.481023] (672, 65)[356.606509][371.473100][14.866590] (668, 61)[652.428233][671.717915][19.289681] (660, 61)[1019.578535][1064.206223][44.627687] (647, 70)[1377.344080][1449.164007][71.819927] (629, 77)[1577.120770][1662.779239][85.658469] (608, 82)[2630.306370][2768.348913][138.042543] (572, 97)[1707.212841][1812.373109][105.160268] (548,104)[3126.401279][3294.561736][168.160457] (504,122)[2780.522538][2815.462375][34.939837] 

   48: (143,122),(173,111)   13  103 

(143,122)[844.894793][929.624597][84.729805] (128,129)[581.542491][629.590650][48.048159] (131,137)[407.740007][446.722004][38.981997] (136,141)[419.365946][477.775396][58.409451] (142,141)[498.892218][596.413139][97.520921] (150,137)[329.298530][378.051360][48.752830] (156,139)[101.169400][128.199292][27.029892] (159,137)[138.873436][189.095041][50.221605] (164,137)[179.455861][201.746279][22.290418] (169,140)[334.818662][366.829915][32.011253] (176,141)[452.088595][513.179783][61.091188] (186,135)[245.368855][245.789176][0.420321] (188,131)[1426.471828][1479.569569][53.097740] 

   47: (143,122),(192,132)    4   57 

(143,122)[1299.393379][1620.675737][321.282359] (169,109)[409.963135][473.423638][63.460503] (175,108)[396.877410][439.099170][42.221760] (180,113)[1174.576522][1361.070789][186.494267] 

   65: (699,172),(629,137)    6   97 

(699,172)[1243.996001][1419.058434][175.062432] (687,153)[195.620011][223.170618][27.550607] (688,151)[956.579032][1050.909062][94.330030] (685,137)[620.798303][692.115089][71.316786] (680,127)[321.610683][353.879331][32.268648] (675,122)[2459.582270][2661.626949][202.044679] 

  547: (449,671),(741,735)   18  293 

(449,671)[1046.581773][1061.267735][14.685962] (462,675)[681.841402][689.703741][7.862339] (470,675)[593.424950][603.828211][10.403261] (477,678)[739.697176][752.476209][12.779033] (486,679)[1040.941631][1050.800581][9.858950] (499,687)[1385.042336][1423.228648][38.186312] (517,688)[1990.888005][2005.698503][14.810497] (542,692)[832.936005][839.802230][6.866225] (552,697)[2298.714719][2347.966308][49.251589] (582,699)[1834.866022][1898.707845][63.841823] (606,707)[376.527617][382.036947][5.509330] (610,707)[923.300415][929.806839][6.506424] (621,714)[899.134966][911.185589][12.050623] (632,714)[3692.584845][3823.160122][130.575277] (682,727)[1008.250774][1049.216015][40.965240] (695,728)[809.010741][829.186446][20.175705] (705,731)[1534.365911][1580.609262][46.243351] (725,730)[1211.251929][1281.439724][70.187795] 

  198: (439, 75),(509,111)    6   97 

(439, 75)[1707.075390][1846.335482][139.260092] (477, 60)[468.996084][550.289423][81.293339] (486, 62)[269.197541][307.205984][38.008443] (490, 66)[538.141412][619.292963][81.151551] (495, 75)[1252.351220][1320.326296][67.975076] (499, 92)[1428.223340][1529.703947][101.480607] 

   93: (446,246),(370,194)    4  121 

(446,246)[3597.800441][3856.513807][258.713366] (427,193)[921.265570][967.431776][46.166206] (425,181)[3253.031802][3385.265214][132.233412] (379,193)[692.987807][729.314504][36.326696] 

  284: (116,150),(173,218)    6   78 

(116,150)[575.797040][616.154242][40.357202] (125,150)[628.427238][719.247323][90.820085] (134,160)[838.429419][967.049732][128.620314] (141,173)[537.846123][587.962131][50.116008] (143,180)[1394.387745][1418.280501][23.892756] (160,197)[1525.426417][1642.849574][117.423157] 

  373: (167,220),( 59,227)   12  116 

(167,220)[878.750721][942.219496][63.468774] (154,225)[925.023862][1008.407688][83.383826] (140,233)[1120.005143][1182.582599][62.577456] (124,239)[492.249602][524.251224][32.001621] (117,245)[364.248275][381.450392][17.202117] (112,242)[1066.067908][1160.595278][94.527370] (103,226)[332.289157][349.391273][17.102117] ( 99,222)[469.255584][494.488086][25.232502] ( 93,223)[1111.124881][1132.895648][21.770767] ( 79,230)[981.760077][991.955993][10.195916] ( 67,232)[384.080420][391.828356][7.747935] ( 63,231)[365.073941][365.166335][0.092394] 

  400: (452,255),(503,286)    9   72 

(452,255)[187.403540][200.138222][12.734682] (454,253)[197.768985][205.112822][7.343837] (456,254)[262.950453][272.495494][9.545041] (459,252)[1151.116318][1302.011293][150.894975] (476,249)[201.949646][213.390877][11.441231] (478,251)[2061.555429][2231.803279][170.247849] (488,281)[212.236166][225.300446][13.064280] (490,283)[812.873055][852.206558][39.333503] (500,283)[313.100089][317.784699][4.684610] 

  226: (377,108),(417,124)    6   54 

(377,108)[369.802486][386.877394][17.074907] (382,105)[1148.295630][1248.518819][100.223190] (401, 99)[263.714246][302.058373][38.344127] (405, 99)[426.929465][535.794541][108.865076] (412,108)[556.515750][661.955848][105.440098] (417,118)[438.539915][471.008845][32.468931] 

  444: (391,354),(342,333)    6   65 

(391,354)[1048.198077][1189.517984][141.319907] (386,337)[509.324562][590.785974][81.461412] (381,329)[759.388096][835.353175][75.965079] (370,330)[1254.478207][1335.850924][81.372716] (352,335)[686.125409][702.509542][16.384132] (344,335)[231.645401][233.585924][1.940523] 

  180: (521, 40),(431, 59)    8   91 

(521, 40)[407.935219][416.360634][8.425415] (516, 39)[201.248655][202.942331][1.693676] (514, 41)[930.911992][972.772543][41.860551] (501, 43)[2054.334473][2249.713742][195.379269] (465, 56)[718.348915][784.304059][65.955143] (452, 56)[279.442075][303.851131][24.409057] (447, 54)[661.920500][714.769459][52.848959] (435, 59)[292.363668][299.950562][7.586893] 

  242: (106,112),(127,146)    2   35 

(106,112)[1900.833676][2172.932645][272.098969] (125,140)[351.377785][454.828766][103.450981] 

  350: ( 76,198),( 56,239)    4   59 

( 76,198)[1747.344720][2004.738671][257.393952] ( 47,210)[318.017609][346.447306][28.429697] ( 43,214)[631.871513][682.378724][50.507211] ( 46,222)[1400.973241][1424.887619][23.914378] 

  311: ( 57,173),( 35,189)    5   44 

( 57,173)[807.725267][892.662595][84.937328] ( 60,188)[329.850763][364.518583][34.667820] ( 57,194)[191.750219][255.078767][63.328548] ( 53,194)[547.822599][659.517726][111.695128] ( 41,188)[320.148230][368.106711][47.958481] 

  219: (120, 90),(190, 98)    7   78 

(120, 90)[887.236912][916.801843][29.564931] (128,104)[570.442925][605.131441][34.688516] (136,113)[393.736650][432.490127][38.753477] (142,114)[169.625118][189.491322][19.866203] (144,112)[811.665844][901.979123][90.313279] (159,108)[1217.232362][1322.704096][105.471734] (180, 99)[760.407668][771.122528][10.714860] 

  527: (  1,620),(264,738)   13  272 

(  1,620)[3132.332863][3187.257754][54.924891] ( 46,631)[1564.615803][1588.255703][23.639900] ( 68,638)[719.730306][728.451865][8.721560] ( 78,643)[337.055853][339.304563][2.248710] ( 82,642)[798.141847][809.243373][11.101526] ( 93,645)[1663.604503][1711.674080][48.069577] (117,648)[712.878780][725.707082][12.828301] (126,652)[876.499518][914.434652][37.935134] (138,652)[4212.084894][4293.397131][81.312237] (201,668)[352.413705][355.095279][2.681574] (205,672)[631.944354][636.327303][4.382949] (209,680)[1888.987573][1908.474933][19.487360] (235,705)[2339.705650][2361.575867][21.870216] 

  437: ( 36,302),(134,449)    6  154 

( 36,302)[691.974990][703.464225][11.489235] ( 45,305)[690.544411][699.913456][9.369045] ( 54,314)[2509.877169][2568.915775][59.038607] ( 78,349)[4907.269325][5072.869679][165.600354] (119,419)[1536.743169][1578.224317][41.481148] (134,441)[525.325219][565.593807][40.268588] 

  521: (415,595),(521,619)    7  107 

(415,595)[970.116869][1001.941063][31.824194] (431,597)[597.183593][617.339907][20.156314] (441,601)[1217.767789][1291.471467][73.703677] (461,604)[581.665849][614.111548][32.445699] (471,608)[267.304561][277.015580][9.711020] (475,609)[379.146135][400.815806][21.669671] (481,609)[2092.986000][2226.251203][133.265203] 

  282: (181,148),(227,198)    6   61 

(181,148)[657.681221][728.910914][71.229694] (191,148)[324.039438][404.674868][80.635429] (197,154)[670.448877][715.608571][45.159694] (202,164)[796.566095][824.539752][27.973657] (212,175)[914.920957][986.685726][71.764769] (219,188)[741.675055][765.770801][24.095746] 

  136: (237,584),(550,658)    7  314 

(237,584)[1317.609658][1331.453873][13.844214] (254,587)[2619.394856][2639.215395][19.820539] (289,597)[891.081434][898.733596][7.652162] (300,598)[6678.912319][6773.226614][94.314295] (391,619)[6468.702971][6589.996193][121.293222] (480,642)[2104.676667][2136.514931][31.838264] (508,647)[3122.312768][3147.857168][25.544400] 

  270: ( 71,135),( 86,144)    4   24 

( 71,135)[236.897115][361.948112][125.050998] ( 71,143)[164.897424][221.466922][56.569498] ( 76,147)[189.848928][294.441826][104.592898] ( 83,147)[138.173090][163.304563][25.131472] 

  466: ( 43,361),( 65,393)    3   37 

( 43,361)[283.099336][351.421151][68.321815] ( 50,364)[250.315249][305.930187][55.614938] ( 56,370)[896.938998][1079.536911][182.597913] 

  304: (573,192),(514,178)    6   72 

(573,192)[1037.966007][1121.406591][83.440584] (566,177)[880.967266][937.514883][56.547617] (558,165)[485.711964][513.085387][27.373424] (552,165)[811.434519][859.096586][47.662067] (541,170)[1001.263848][1078.529404][77.265555] (527,173)[870.328533][883.120434][12.791901] 

  288: (446,155),(366,183)    6   81 

(446,155)[670.242355][677.427469][7.185114] (438,154)[1448.178053][1516.195984][68.017931] (419,161)[1191.226974][1278.526621][87.299647] (403,164)[700.227985][746.804800][46.576815] (394,168)[796.842833][829.396946][32.554113] (384,169)[1314.077245][1375.201263][61.124018] 

  456: ( 47,351),( 18,367)    5   33 

( 47,351)[298.869723][309.920413][11.050690] ( 46,355)[411.471527][443.644915][32.173388] ( 40,359)[168.464733][232.599655][64.134922] ( 37,359)[163.297239][220.406088][57.108849] ( 33,362)[397.782264][532.062038][134.279773] 

   46: (634,106),(632, 94)   11   81 

(634,106)[452.522400][463.405869][10.883470] (639,110)[214.633112][221.996522][7.363410] (641,109)[585.870619][608.037467][22.166848] (648,112)[417.126845][436.285207][19.158362] (653,112)[527.658424][555.267833][27.609408] (660,118)[568.577842][601.818829][33.240986] (660,110)[674.488844][704.696304][30.207460] (653,101)[1183.986454][1279.925245][95.938792] (644, 84)[353.394274][363.308395][9.914122] (640, 81)[562.569466][587.511356][24.941891] (633, 85)[725.722715][741.942904][16.220188] 

  274: (623,141),(589,176)    4   61 

(623,141)[2766.648819][2997.160206][230.511387] (584,155)[1120.085955][1163.978910][43.892956] (591,169)[440.054343][457.266757][17.212414] (591,174)[215.306123][217.470163][2.164041] 

  237: (616,108),(628,133)    2   26 

(616,108)[1020.189878][1208.007007][187.817129] (623,125)[308.594527][410.888028][102.293501] 

  481: ( 63,396),( 52,426)    5   42 

( 63,396)[620.595762][718.423326][97.827564] ( 47,407)[215.553440][275.269450][59.716010] ( 41,413)[310.574574][374.373453][63.798879] ( 41,421)[318.998603][371.571366][52.572762] ( 49,428)[157.256303][170.893651][13.637348] 

  560: ( 72,164),( 46,124)    1  157417536 

( 72,164)[2819.780236][3101.782310][282.002074] 

  539: (110,642),(232,679)   11  128 

(110,642)[406.635188][417.587801][10.952613] (115,644)[1043.912736][1071.217356][27.304620] (129,645)[621.576588][637.060365][15.483777] (137,649)[1363.751439][1427.821114][64.069674] (157,653)[993.016404][1051.757064][58.740660] (172,653)[696.543341][721.798498][25.255157] (182,657)[250.938857][252.140601][1.201744] (184,660)[762.314987][779.938215][17.623229] (195,663)[662.668675][686.847839][24.179164] (204,663)[1684.052904][1714.240308][30.187404] (227,670)[743.009098][745.338485][2.329387] 

  283: ( 83,160),( 90,165)    5   58 

( 83,160)[1785.554038][1924.935720][139.381683] (108,149)[268.553819][306.503656][37.949837] (111,149)[339.258856][373.733577][34.474721] (115,153)[1101.180009][1136.098629][34.918620] (101,161)[893.536401][919.599993][26.063592] 

  354: (487,231),(461,211)    5   70 

(487,231)[939.797418][1001.882012][62.084595] (502,218)[751.143861][810.301876][59.158015] (501,207)[370.483164][401.407634][30.924469] (499,202)[265.082174][279.154805][14.072631] (496,204)[2349.496604][2441.441974][91.945369] 

  484: (389,419),(418,425)    9   66 

(389,419)[556.174612][581.292169][25.117557] (396,419)[497.930546][517.912920][19.982374] (403,416)[799.687720][839.661298][39.973578] (414,408)[800.030894][847.988110][47.957216] (425,408)[547.630224][581.629248][33.999023] (431,415)[533.075324][564.780167][31.704843] (433,422)[325.109986][328.797863][3.687877] (429,426)[423.071347][447.178990][24.107644] (423,427)[349.232012][377.011509][27.779497] 

  202: (547, 73),(498, 75)    7   54 

(547, 73)[338.816954][348.185175][9.368221] (544, 69)[620.059819][652.100177][32.040358] (535, 71)[533.057219][554.070966][21.013747] (530, 63)[266.440921][293.813404][27.372483] (526, 63)[1324.268957][1425.936751][101.667795] (504, 72)[169.909552][210.953354][41.043802] (501, 72)[168.776812][190.237896][21.461084] 

  379: (286,316),(122,262)   10  205 

(286,316)[717.663022][725.894456][8.231434] (283,307)[1396.932593][1417.807807][20.875214] (270,288)[3749.837743][3815.350316][65.512573] (245,235)[415.858009][425.324006][9.465997] (240,230)[875.811100][898.536985][22.725885] (228,231)[2448.968474][2493.086151][44.117677] (193,241)[1173.945588][1191.274018][17.328430] (177,244)[1721.249068][1747.852287][26.603219] (153,253)[1663.177526][1688.942162][25.764635] (128,259)[439.254655][447.045440][7.790785] 

  135: (237,584),(  1,529)    8  237 

(237,584)[1531.107121][1546.484752][15.377631] (217,578)[1956.043372][1983.993134][27.949761] (191,573)[2358.807477][2389.812332][31.004855] (159,564)[2601.169448][2648.391447][47.221999] (124,557)[6452.405396][6542.833612][90.428216] ( 36,535)[511.176239][522.915484][11.739245] ( 30,535)[997.581681][1009.158629][11.576948] ( 17,531)[1242.094863][1252.310801][10.215938] 

  459: (  1,354),(  1,389)    6   41 

(  1,354)[222.918196][287.569326][64.651130] (  3,361)[279.696342][335.246641][55.550299] (  9,367)[480.959653][551.799332][70.839679] ( 13,376)[519.138805][554.026333][34.887528] (  9,386)[225.137763][233.552566][8.414804] (  5,389)[249.460678][259.694935][10.234257] 

   54: (617,126),(653,193)    3   68 

(617,126)[884.760596][957.885782][73.125186] (625,140)[583.075252][623.997125][40.921873] (627,148)[3365.089217][3489.589345][124.500128] 

  143: (550,658),(741,703)    3  192 

(550,658)[1674.902464][1691.679671][16.777207] (572,662)[6017.647307][6127.844411][110.197104] (653,683)[6673.916983][6777.347198][103.430215] 

  505: ( 56,448),( 73,468)    3   25 

( 56,448)[202.152641][254.647973][52.495332] ( 61,449)[431.599000][543.009638][111.410638] ( 70,461)[272.886687][336.475445][63.588758] 

  344: (598,192),(652,200)    6   66 

(598,192)[253.082409][272.659101][19.576692] (597,195)[1070.346645][1146.287589][75.940944] (605,210)[390.172117][412.296128][22.124012] (610,214)[429.630328][465.578340][35.948011] (616,209)[1482.585618][1532.347819][49.762201] (637,200)[1130.080173][1154.170208][24.090034] 

  381: (  1,231),( 74,267)    6   82 

(  1,231)[746.738697][797.410186][50.671489] ( 12,241)[1004.426644][1023.979484][19.552840] ( 20,255)[1196.048596][1272.023398][75.974802] ( 35,272)[1425.980862][1485.569960][59.589097] ( 54,271)[422.097488][429.061184][6.963696] ( 59,273)[1141.737789][1156.274327][14.536538] 

  380: (464,245),(454,245)    4   37 

(464,245)[449.969295][501.126101][51.156806] (461,236)[354.838853][376.695742][21.856888] (457,230)[471.818447][534.391467][62.573020] (448,233)[579.208644][670.042454][90.833810] 

   70: ( 80,179),( 51,126)    2   57 

( 80,179)[311.892075][319.379624][7.487550] ( 84,178)[3400.327493][3615.432210][215.104717] 

  349: ( 28,197),(  1,216)    3   30 

( 28,197)[250.060195][263.117833][13.057638] ( 25,200)[1099.693000][1247.311264][147.618264] (  6,209)[372.997000][433.598956][60.601956] 

  268: (644,134),(689,164)    8   58 

(644,134)[1401.149540][1509.201341][108.051800] (653,153)[531.072792][538.179891][7.107099] (658,159)[694.810106][719.260299][24.450192] (667,163)[371.097843][384.424928][13.327085] (671,163)[364.699561][380.680260][15.980699] (675,160)[594.667300][615.547349][20.880049] (682,158)[285.138716][295.391780][10.253064] (685,159)[413.170925][430.526440][17.355515] 

  502: ( 10,445),( 54,498)    6   58 

( 10,445)[517.835175][532.930524][15.095349] ( 16,451)[565.964509][621.941415][55.976906] ( 19,458)[953.465147][1013.663305][60.198158] ( 29,470)[264.939909][280.596539][15.656631] ( 32,469)[1130.889810][1161.322741][30.432931] ( 47,484)[1019.460146][1058.458720][38.998574] 

  273: (490,165),(512,195)    7   79 

(490,165)[640.606685][645.676080][5.069395] (485,158)[698.187817][711.277307][13.089490] (482,150)[551.163199][557.741731][6.578531] (477,144)[309.738393][313.756192][4.017799] (480,141)[1522.073828][1567.945275][45.871448] (493,160)[1524.103937][1638.011331][113.907393] (502,180)[1210.466142][1237.956833][27.490691] 

  410: (486,264),(520,266)    5   42 

(486,264)[240.199122][256.370811][16.171689] (489,265)[1304.052410][1408.308608][104.256198] (508,261)[664.342707][713.001410][48.658703] (510,270)[344.926940][359.994571][15.067631] (514,272)[474.049227][499.978183][25.928956] 

  554: (391,716),(434,722)    4   44 

(391,716)[881.986411][924.254465][42.268054] (405,720)[612.937300][628.438903][15.501603] (414,725)[599.693593][667.269759][67.576167] (423,725)[607.750082][688.802106][81.052024] 

  531: ( 79,627),(122,634)    5   44 

( 79,627)[331.823416][341.972510][10.149094] ( 83,626)[693.435884][712.777202][19.341317] ( 92,628)[781.853213][862.239156][80.385942] (103,628)[997.889095][1084.722103][86.833008] (118,634)[282.983547][289.700906][6.717359] 

  391: (653,243),(630,281)    6   66 

(653,243)[1510.976122][1602.891308][91.915185] (632,251)[490.458274][523.064478][32.606204] (626,251)[731.947272][763.210872][31.263599] (617,254)[353.967300][356.721285][2.753984] (615,258)[1514.393741][1549.085212][34.691471] (626,279)[318.937271][327.388648][8.451377] 

  348: (433,196),(444,227)    3   32 

(433,196)[891.543231][912.216664][20.673434] (439,208)[153.056227][163.990929][10.934702] (438,210)[734.688111][904.706938][170.018827] 

  153: (146,  2),(178, 35)    3   37 

(146,  2)[1066.244941][1176.469950][110.225008] (157, 17)[1223.918183][1308.618274][84.700091] (173, 33)[438.051414][444.628436][6.577022] 

  289: (169,156),(206,173)    5   48 

(169,156)[194.942899][206.334259][11.391360] (168,158)[1532.149182][1652.052052][119.902871] (183,180)[395.181158][423.621140][28.439982] (188,180)[351.521119][377.614767][26.093648] (192,177)[1123.725041][1138.376295][14.651254] 

   63: (146,164),(171,153)    2   26 

(146,164)[698.626588][775.771647][77.145059] (156,161)[1004.011921][1125.672613][121.660692] 

  496: (660,448),(741,491)    4   95 

(660,448)[1864.910038][1924.219164][59.309126] (688,429)[260.361011][271.867496][11.506485] (691,429)[3371.975958][3478.115928][106.139970] (728,479)[918.011742][937.863655][19.851913] 

  320: ( 64,176),( 82,188)    3   20 

( 64,176)[328.910546][338.748132][9.837585] ( 69,182)[332.168831][468.806611][136.637780] ( 78,184)[172.414243][221.251648][48.837405] 

  557: (436,727),(476,737)    6   44 

(436,727)[299.675611][303.853689][4.178078] (437,723)[375.939605][385.800591][9.860986] (442,718)[306.183617][339.060813][32.877196] (446,718)[680.887491][742.892700][62.005208] (457,726)[324.801064][379.873982][55.072918] (462,726)[828.699128][856.882607][28.183479] 

   39: (606,101),(489,137)    6  119 

(606,101)[418.340552][428.240786][9.900233] (601, 95)[521.714780][534.861463][13.146683] (593, 96)[1266.234744][1287.022849][20.788105] (572,103)[1274.878497][1311.177765][36.299268] (551,113)[2075.966194][2143.760009][67.793815] (516,125)[1566.370934][1610.618176][44.247243] 

  541: (558,648),(689,676)   11  132 

(558,648)[601.885174][609.362856][7.477682] (566,648)[892.121330][916.226650][24.105320] (578,653)[746.789022][760.834002][14.044979] (588,652)[857.568540][881.070276][23.501737] (600,657)[1499.041036][1528.698442][29.657406] (621,660)[1879.387241][1910.453639][31.066398] (647,668)[741.871124][758.648046][16.776922] (657,669)[817.038213][837.645969][20.607757] (668,675)[200.042431][200.681803][0.639372] (670,674)[373.912480][377.679335][3.766855] (675,676)[1012.633712][1032.941278][20.307566] 

  316: (495,175),(537,220)    5   60 

(495,175)[1685.789445][1754.514369][68.724924] (508,197)[276.589062][295.487125][18.898064] (511,200)[876.819444][923.493605][46.674160] (523,198)[440.843592][459.644198][18.800607] (528,203)[1256.513356][1295.134843][38.621487] 

  257: ( 53,123),( 86,176)    1   54 

( 53,123)[3491.084918][3681.595838][190.510920] 

  376: ( 21,224),( 21,242)    3   22 

( 21,224)[259.804930][329.897131][70.092201] ( 14,228)[145.865481][168.917546][23.052065] ( 14,231)[387.090116][482.269392][95.179276] 

  506: (663,449),(729,534)    4   87 

(663,449)[249.137591][255.432330][6.294739] (661,452)[819.464576][852.478202][33.013626] (672,464)[4197.076962][4339.315377][142.238415] (725,531)[317.147242][322.442603][5.295362] 

    8: (601, 26),(637, 21)    3   40 

(601, 26)[906.948021][957.558825][50.610803] (613, 20)[1317.187737][1425.294191][108.106455] (633, 14)[493.340497][521.426511][28.086013] 

  436: (402,300),(351,330)    2   52 

(402,300)[1515.464103][1603.661628][88.197525] (381,304)[2066.576571][2164.168966][97.592395] 

  332: (361,184),(378,232)    3   49 

(361,184)[1474.767619][1497.872945][23.105326] (370,202)[1922.669341][2069.090193][146.420852] (378,228)[377.813877][384.160077][6.346200] 

   94: (446,246),(401,248)    4   46 

(446,246)[1789.617662][1921.709094][132.091432] (419,252)[596.814881][615.919443][19.104562] (412,256)[690.186893][704.137156][13.950262] (404,248)[307.538163][315.897433][8.359270] 

   40: (606,101),(489,147)    1  118 

(606,101)[8128.984790][8301.153667][172.168878] 

  387: (474,235),(473,236)    6   24 

(474,235)[180.849233][195.401814][14.552580] (476,236)[185.290244][200.286324][14.996080] (476,238)[410.113167][452.072138][41.958971] (470,242)[211.281991][241.252002][29.970011] (467,242)[155.428050][179.918395][24.490345] (466,240)[523.167290][565.885745][42.718455] 

  331: (100,184),(122,209)    6   47 

(100,184)[343.761899][350.893349][7.131450] (104,186)[1059.675486][1096.787420][37.111935] (112,201)[586.188533][598.003942][11.815409] (104,209)[383.840227][413.152698][29.312470] (108,214)[245.926750][277.186459][31.259709] (111,214)[800.213425][847.086017][46.872591] 

  525: (  1,610),(114,637)    9  114 

(  1,610)[352.241626][359.204737][6.963111] (  5,610)[784.541963][791.611819][7.069857] ( 15,615)[1106.586671][1142.040180][35.453509] ( 30,618)[1677.971853][1708.057820][30.085967] ( 52,626)[807.673936][816.474614][8.800678] ( 62,625)[1764.077277][1782.689648][18.612370] ( 85,635)[696.255522][723.339034][27.083512] ( 94,635)[580.410989][595.587389][15.176400] (101,638)[1017.625154][1030.748846][13.123693] 

  440: (328,314),(347,341)    8   87 

(328,314)[663.311520][682.136118][18.824598] (332,322)[1535.636207][1560.120050][24.483844] (335,342)[1652.824276][1685.149614][32.325338] (344,364)[364.215121][371.257277][7.042156] (348,368)[445.615364][463.283767][17.668403] (353,368)[380.381709][392.059398][11.677689] (354,364)[1097.749173][1122.113062][24.363889] (348,351)[836.825618][862.724472][25.898854] 

  365: (631,213),(565,239)    5   68 

(631,213)[355.277224][359.813883][4.536659] (627,211)[531.538649][545.464616][13.925967] (620,212)[824.932069][843.043734][18.111665] (610,223)[1126.795744][1168.042732][41.246988] (595,227)[2091.522851][2174.616529][83.093678] 

  299: ( 51,163),( 34,167)    2   18 

( 51,163)[228.904975][310.235539][81.330564] ( 45,163)[430.558111][507.931107][77.372995] 

  530: (173,627),(245,637)    5   73 

(173,627)[1244.121377][1262.920014][18.798637] (190,628)[533.826010][546.829783][13.003774] (197,624)[1063.445130][1101.304813][37.859683] (212,627)[1743.388846][1813.388564][69.999718] (236,640)[644.723327][662.923886][18.200560] 

  442: (409,317),(414,325)    5   29 

(409,317)[888.203143][934.514157][46.311014] (422,316)[185.607630][193.187649][7.580019] (424,318)[237.449846][264.221408][26.771562] (424,321)[246.181095][259.776938][13.595843] (421,324)[462.826352][526.294271][63.467919] 

  552: (365,704),(397,709)    3   33 

(365,704)[363.227794][407.043187][43.815393] (373,704)[247.133751][261.335950][14.202200] (378,709)[856.661029][954.240707][97.579679] 

  500: (155,446),(224,484)    7   76 

(155,446)[931.715513][944.515246][12.799733] (168,440)[814.717580][851.901896][37.184317] (180,447)[486.705784][509.161124][22.455340] (187,449)[612.099235][627.287097][15.187862] (195,449)[1049.335937][1087.130236][37.794299] (209,464)[866.411518][880.606947][14.195429] (216,476)[558.413183][572.385668][13.972485] 

  438: (417,306),(456,311)    4   42 

(417,306)[451.988631][454.891213][2.902582] (421,312)[795.518368][859.354135][63.835767] (433,313)[505.792554][547.062718][41.270164] (441,311)[962.459916][1007.975085][45.515169] 

   77: (175,202),(153,164)    3   40 

(175,202)[736.110863][740.186389][4.075526] (166,194)[983.403016][1043.701332][60.298316] (162,181)[1321.316128][1408.773489][87.457361] 

  101: (563,295),(540,261)    6   42 

(563,295)[385.759125][403.710228][17.951103] (565,290)[894.623013][920.953776][26.330763] (564,278)[534.856605][595.620519][60.763914] (556,270)[581.246083][607.722232][26.476149] (548,266)[430.003393][445.237446][15.234053] (543,261)[295.882974][300.092953][4.209979] 

  152: (113,  3),(140, 11)    2   28 

(113,  3)[253.068958][263.826421][10.757463] (116,  2)[1513.981942][1653.758609][139.776667] 

  471: (679,368),(717,382)    4   44 

(679,368)[842.566741][879.369537][36.802796] (686,380)[201.891424][212.581833][10.690409] (688,379)[1138.017224][1189.140806][51.123582] (704,387)[913.881866][965.286074][51.404208] 

  281: (509,147),(558,149)    6   63 

(509,147)[847.226220][860.703717][13.477497] (511,157)[746.435857][768.138094][21.702237] (515,166)[302.715430][310.801345][8.085915] (518,168)[898.087626][927.510960][29.423334] (529,161)[1834.771729][1892.010805][57.239077] (552,153)[531.376658][549.566666][18.190007] 

  240: ( 85,123),( 48,122)    4   43 

( 85,123)[319.985113][323.189392][3.204279] ( 85,120)[702.605628][718.184680][15.579052] ( 79,112)[737.460832][755.646762][18.185930] ( 70,112)[1286.503052][1395.811154][109.308103] 

  337: (  1,193),( 30,199)    4   40 

(  1,193)[1196.796733][1256.460065][59.663332] ( 20,185)[394.560567][411.741461][17.180894] ( 26,185)[267.262729][276.952960][9.690232] ( 30,189)[600.398070][659.418868][59.020797] 

  450: (439,347),(403,345)    3   39 

(439,347)[257.871915][265.228596][7.356681] (436,347)[571.245190][593.430911][22.185721] (430,339)[1795.082570][1910.071459][114.988889] 

  246: (168,114),(148,122)    2   21 

(168,114)[618.769927][642.659706][23.889780] (159,119)[615.825361][735.132960][119.307599] 

  302: ( 62,165),( 26,176)    3   37 

( 62,165)[1409.941085][1502.159896][92.218812] ( 38,174)[234.456689][250.669671][16.212982] ( 34,177)[400.228083][431.657140][31.429057] 

   66: (699,172),(653,161)    4   74 

(699,172)[3071.297561][3126.836424][55.538863] (658,189)[1536.012127][1574.602777][38.590651] (645,168)[220.767658][243.227691][22.460033] (645,165)[515.179095][536.717296][21.538201] 

  131: (116,474),( 42,509)    6   75 

(116,474)[433.935070][445.535941][11.600871] (110,479)[2424.243456][2500.062490][75.819034] ( 71,501)[870.725440][897.800471][27.075031] ( 58,510)[561.431817][569.150117][7.718301] ( 49,509)[170.660351][179.763773][9.103422] ( 47,507)[369.576951][376.096623][6.519673] 

  314: (113,175),(126,206)    4   34 

(113,175)[624.538751][641.410093][16.871343] (107,183)[1226.092591][1315.313436][89.220845] (119,201)[377.470579][398.401364][20.930785] (124,206)[172.300281][180.228849][7.928569] 

  128: ( 21,436),( 50,438)    5   30 

( 21,436)[510.436148][522.640810][12.204662] ( 27,434)[221.386101][224.968671][3.582570] ( 29,435)[918.775375][960.652979][41.877604] ( 41,433)[347.290357][393.088587][45.798230] ( 46,434)[273.365846][304.091357][30.725511] 

  307: (426,176),(372,185)    6   76 

(426,176)[313.665789][334.128940][20.463151] (430,178)[468.947356][488.097059][19.149703] (436,173)[330.658940][348.126897][17.467957] (433,169)[742.304891][757.685441][15.380550] (423,170)[652.811532][669.469155][16.657624] (413,175)[2310.627766][2355.517744][44.889977] 

  133: (114,541),( 65,533)    4   50 

(114,541)[446.024105][465.049150][19.025046] (108,538)[1037.696720][1077.557553][39.860833] ( 93,537)[1428.603832][1477.931363][49.327531] ( 72,532)[481.106930][506.687077][25.580146] 

  223: (107, 97),( 86,115)    5   39 

(107, 97)[382.531289][424.390827][41.859538] (100, 99)[366.421675][389.560222][23.138547] ( 94, 97)[217.930817][220.686703][2.755886] ( 91,100)[675.924895][724.723953][48.799058] ( 97,111)[846.575386][862.642674][16.067288] 

  513: (156,535),(218,554)    5   63 

(156,535)[673.397112][694.560715][21.163603] (167,540)[766.755587][811.928230][45.172643] (180,543)[650.334526][672.248937][21.914411] (190,551)[387.543768][400.879616][13.335848] (195,553)[1580.621260][1609.449250][28.827990] 

  408: (270,260),(303,295)    3   48 

(270,260)[2148.641690][2237.699923][89.058233] (288,292)[581.487178][616.584341][35.097163] (296,298)[577.709415][581.592503][3.883087] 

  483: (  1,408),( 26,410)    2   26 

(  1,408)[249.224716][316.597156][67.372440] (  9,407)[562.744705][622.172423][59.427718] 

  340: ( 92,190),(100,205)    1   16 

( 92,190)[636.067233][762.775921][126.708688] 

   50: (709,123),(681,110)    5   36 

(709,123)[381.713871][386.201533][4.487662] (704,120)[693.028555][743.408303][50.379748] (693,125)[273.890869][298.181642][24.290773] (689,125)[388.571672][406.916572][18.344900] (684,119)[515.001493][543.289258][28.287766] 

  537: (296,638),(356,650)    5   61 

(296,638)[827.603658][833.086782][5.483124] (306,637)[1123.710253][1146.754952][23.044700] (320,643)[858.736267][900.258917][41.522650] (331,644)[778.703218][801.083033][22.379815] (341,648)[1157.851567][1187.338251][29.486684] 

  368: (432,213),(393,217)    5   40 

(432,213)[290.813443][309.634721][18.821278] (429,213)[470.201173][502.706727][32.505554] (423,218)[1094.575359][1134.270810][39.695451] (405,220)[583.583362][602.440651][18.857290] (396,219)[227.781774][239.717127][11.935353] 

  485: (707,413),(738,424)    4   32 

(707,413)[607.968884][638.597046][30.628163] (717,413)[173.669168][177.161304][3.492137] (719,415)[299.298012][309.154209][9.856196] (723,414)[1014.297522][1090.214385][75.916863] 

  315: (466,175),(492,182)    4   41 

(466,175)[885.814898][895.406449][9.591551] (467,186)[1455.232223][1518.366889][63.134666] (487,180)[521.546344][555.773970][34.227626] (494,180)[185.229590][197.364573][12.134984] 

  160: (  9, 12),( 76, 29)    8   68 

(  9, 12)[392.437763][396.118942][3.681179] ( 13, 10)[678.565830][693.904001][15.338171] ( 21, 11)[1085.646026][1107.388918][21.742892] ( 34, 18)[658.875472][672.913342][14.037869] ( 42, 20)[1191.875352][1238.605453][46.730101] ( 57, 20)[670.456590][681.098358][10.641768] ( 65, 25)[453.654788][455.852007][2.197219] ( 70, 26)[532.402905][536.645984][4.243078] 

  452: (387,346),(361,351)    1   27 

(387,346)[1740.130379][1858.178931][118.048553] 

  280: (145,145),(154,148)    2   10 

(145,145)[258.820054][313.161323][54.341269] (149,145)[287.226532][350.738376][63.511844] 

  523: ( 36,597),( 79,625)    4   45 

( 36,597)[478.984527][492.503224][13.518698] ( 41,603)[1246.587805][1287.078964][40.491159] ( 58,611)[835.278579][863.398725][28.120145] ( 69,621)[738.819793][773.969243][35.149450] 

  353: (556,200),(536,206)    3   21 

(556,200)[419.979197][431.838264][11.859067] (551,203)[485.264267][532.049074][46.784807] (545,203)[624.042044][682.109387][58.067343] 

  356: ( 69,204),( 84,224)    2   22 

( 69,204)[420.275949][431.489004][11.213055] ( 74,208)[1052.348385][1157.244564][104.896179] 

  310: (633,172),(589,192)    3   45 

(633,172)[2093.888480][2165.613245][71.724765] (606,180)[880.469017][919.657668][39.188651] (595,189)[550.275601][554.854594][4.578993] 

  228: (682, 99),(681,100)    6   35 

(682, 99)[798.933335][818.862689][19.929354] (693,103)[199.914712][205.840638][5.925926] (694,105)[325.169973][336.131921][10.961948] (690,107)[622.292171][674.408687][52.116516] (681,107)[445.368080][464.975786][19.607707] (680,101)[187.376701][192.012121][4.635420] 

  434: (439,307),(499,303)    6   61 

(439,307)[1151.334132][1167.915925][16.581793] (454,304)[896.754616][912.007825][15.253209] (465,298)[616.375336][641.845162][25.469827] (473,299)[572.738443][587.773291][15.034847] (480,303)[764.003920][791.567064][27.563145] (490,305)[703.140357][715.995306][12.854949] 

  167: (118, 17),(141, 38)    5   31 

(118, 17)[627.038156][668.297990][41.259834] (126, 25)[401.910551][433.565519][31.654969] (131, 23)[374.682174][386.288005][11.605831] (135, 25)[599.040712][617.612058][18.571345] (136, 32)[546.526114][555.864723][9.338609] 

   86: (408,238),(438,230)    2   31 

(408,238)[864.257070][908.629680][44.372610] (420,233)[1156.719074][1224.640602][67.921528] 

  535: (245,635),(299,645)    5   56 

(245,635)[1370.212036][1433.058129][62.846094] (266,633)[267.096264][277.355422][10.259158] (269,631)[1222.307196][1244.947808][22.640613] (285,634)[725.268079][739.680083][14.412004] (294,639)[484.835528][486.745584][1.910055] 

  298: ( 84,162),( 93,188)    3   27 

( 84,162)[510.052263][532.899169][22.846906] ( 86,168)[698.991820][743.479526][44.487706] ( 93,177)[698.010143][741.740252][43.730109] 

  190: (555, 47),(525, 54)    4   31 

(555, 47)[599.900944][625.970213][26.069269] (547, 47)[424.920017][448.864822][23.944806] (541, 50)[181.774735][191.462667][9.687932] (539, 49)[946.709386][996.874774][50.165388] 

  206: (437, 75),(445, 90)    2   16 

(437, 75)[351.701708][409.014387][57.312679] (439, 82)[478.545735][531.061589][52.515853] 

  290: (202,157),(214,174)    5   23 

(202,157)[427.399368][450.347917][22.948549] (209,162)[173.321145][196.209156][22.888011] (211,161)[287.707639][321.718654][34.011014] (214,165)[248.557581][267.278550][18.720969] (212,168)[383.360126][394.117455][10.757328] 

  503: ( 51,446),( 70,471)    2   26 

( 51,446)[279.424745][287.609056][8.184311] ( 51,450)[1161.674087][1262.796752][101.122665] 

  542: (355,652),(401,661)    3   47 

(355,652)[336.145275][352.042274][15.896999] (359,651)[2292.517738][2373.274072][80.756334] (391,656)[791.349400][803.576887][12.227488] 

  148: (598,  1),(601, 13)    6   32 

(598,  1)[1042.751953][1068.078230][25.326277] (599, 15)[363.730639][380.738252][17.007612] (603, 18)[362.307772][386.936172][24.628400] (607, 17)[214.239704][232.273265][18.033561] (608, 15)[213.534686][222.572252][9.037566] (606, 13)[454.591751][468.745586][14.153835] 

  243: (443,120),(426,122)    5   26 

(443,120)[461.554839][472.538476][10.983637] (444,114)[183.863052][194.359405][10.496352] (442,112)[308.033374][332.327662][24.294289] (438,112)[401.486865][447.745552][46.258687] (432,115)[513.811793][529.421358][15.609565] 

  236: (366,111),(373,121)    9   64 

(366,111)[228.017030][229.156289][1.139259] (364,110)[220.103032][222.037121][1.934089] (366,108)[604.548763][622.241977][17.693213] (373,110)[1083.051407][1116.688579][33.637172] (384,123)[1150.319747][1180.490894][30.171147] (390,137)[310.620142][314.233402][3.613260] (389,140)[392.324146][397.623866][5.299720] (385,139)[785.738029][794.486848][8.748818] (377,130)[781.739282][787.084383][5.345101] 

  217: (447, 89),(476,125)    3   52 

(447, 89)[2467.552426][2555.008532][87.456105] (460,122)[613.711547][621.715663][8.004116] (465,129)[882.050232][891.867077][9.816845] 

  254: ( 99,120),(109,146)    5   29 

( 99,120)[514.541128][524.737271][10.196143] ( 93,126)[362.728754][378.186757][15.458003] ( 94,130)[722.364704][773.130863][50.766160] (100,139)[549.704638][563.485331][13.780692] (107,146)[167.526368][181.474775][13.948407] 

  394: (500,245),(478,248)    2   23 

(500,245)[689.416237][765.987792][76.571555] (489,245)[609.985240][637.128002][27.142762] 

  549: (705,680),(741,690)    3   37 

(705,680)[790.335207][813.683375][23.348168] (716,682)[991.707458][1049.980285][58.272827] (730,689)[787.462553][809.436969][21.974416] 

  366: (544,212),(558,235)    2   25 

(544,212)[261.146581][269.789643][8.643063] (547,214)[1424.534358][1518.631470][94.097112] 

   61: (141,152),(155,153)    2   15 

(141,152)[332.769038][358.612534][25.843495] (146,151)[557.669367][634.564799][76.895432] 

   49: (143,122),(151,135)    2   14 

(143,122)[520.170231][579.411489][59.241258] (150,131)[289.675703][331.459846][41.784143] 

  303: (130,165),( 91,167)    4   45 

(130,165)[1531.595581][1581.750495][50.154914] (108,174)[503.376441][511.881230][8.504789] (103,180)[349.315042][353.866546][4.551503] ( 99,179)[902.966970][940.419984][37.453013] 

  482: (690,405),(704,416)    4   30 

(690,405)[307.655317][316.062057][8.406740] (694,402)[442.531827][459.040441][16.508614] (700,398)[235.660319][263.818721][28.158401] (703,400)[1138.016240][1185.128122][47.111883] 

  411: (686,262),(630,284)    4   57 

(686,262)[1272.639021][1282.078825][9.439804] (669,274)[764.014560][775.221845][11.207285] (658,275)[535.026096][550.164684][15.138588] (650,279)[1330.947608][1395.126295][64.178687] 

  189: (464, 47),(416, 65)    5   50 

(464, 47)[462.998083][472.417073][9.418990] (458, 50)[596.573442][611.381487][14.808045] (450, 48)[839.319326][853.651135][14.331810] (438, 48)[648.631976][686.199118][37.567142] (429, 51)[932.560409][955.522112][22.961703] 

  396: (502,245),(508,259)    1   15 

(502,245)[820.941603][919.461709][98.520106] 

   67: (699,172),(727,145)    4   36 

(699,172)[288.711268][323.082457][34.371189] (703,171)[514.856852][555.633918][40.777066] (710,169)[1263.319751][1275.928641][12.608891] (727,152)[557.185201][566.153531][8.968330] 

  375: (712,222),(737,264)    5   46 

(712,222)[364.412943][370.408339][5.995396] (716,223)[571.529629][583.651963][12.122334] (723,230)[859.287748][895.193996][35.906249] (727,242)[1311.790084][1349.466730][37.676646] (737,260)[344.167346][349.027987][4.860641] 

  421: (421,272),(435,308)    5   40 

(421,272)[344.433515][351.558382][7.124867] (425,273)[271.822672][280.748227][8.925555] (425,276)[724.631716][741.248159][16.616444] (432,286)[570.353379][620.371737][50.018357] (435,294)[1030.053129][1043.396501][13.343371] 

  556: (431,718),(418,719)    1   14 

(431,718)[551.855902][647.742887][95.886986] 

  416: (741,267),(695,276)    3   47 

(741,267)[863.831774][874.921619][11.089845] (729,267)[1482.580645][1558.187672][75.607027] (707,277)[948.290814][957.473966][9.183151] 

   41: (606,101),(617,126)    1   26 

(606,101)[1881.128747][1976.847408][95.718661] 

  338: (165,185),(219,198)    8   55 

(165,185)[470.236607][479.194038][8.957432] (170,187)[1189.669792][1217.656806][27.987014] (186,187)[292.504822][296.915380][4.410559] (189,185)[522.567677][533.145725][10.578049] (195,191)[601.223432][615.160602][13.937170] (202,194)[380.664684][389.208736][8.544052] (206,194)[602.196224][615.286181][13.089957] (213,198)[518.354346][525.879663][7.525317] 

  493: (372,427),(394,442)    2   29 

(372,427)[1091.463832][1162.315907][70.852075] (382,443)[837.524734][861.604228][24.079494] 

  407: (460,257),(436,303)    5   56 

(460,257)[796.073703][807.214352][11.140649] (463,266)[1085.049125][1101.739696][16.690571] (463,279)[763.832768][772.779814][8.947045] (460,288)[1250.346283][1277.815017][27.468734] (444,302)[590.001918][620.086536][30.084618] 

  488: (393,421),(372,425)    2   22 

(393,421)[579.151694][613.022991][33.871297] (385,425)[952.218843][1012.279577][60.060735] 

  170: (678, 20),(651, 37)    3   28 

(678, 20)[501.887515][510.948722][9.061207] (672, 20)[861.603418][894.489172][32.885754] (660, 32)[632.216192][683.855551][51.639359] 

  195: ( 92, 56),(139, 61)    6   48 

( 92, 56)[772.326193][780.268154][7.941961] (102, 61)[796.073450][804.835429][8.761979] (112, 62)[354.059436][366.877765][12.818329] (116, 64)[649.045699][681.729744][32.684045] (124, 64)[490.898983][513.810911][22.911928] (130, 61)[764.775768][772.976181][8.200413] 

  418: (101,270),( 29,293)    7   76 

(101,270)[580.405554][586.504232][6.098679] ( 93,274)[1259.866405][1301.379292][41.512888] ( 74,276)[1753.928090][1793.401140][39.473050] ( 50,287)[912.603363][916.829319][4.225956] ( 39,286)[540.273482][541.082385][0.808903] ( 33,289)[306.071083][306.329021][0.257937] ( 33,292)[380.547113][381.298372][0.751259] 

  328: (111,181),(133,199)    3   29 

(111,181)[962.795904][1008.879374][46.083469] (126,186)[282.491860][289.552179][7.060319] (129,189)[739.672571][779.113969][39.441398] 

  265: (160,128),(184,130)    3   25 

(160,128)[560.692111][622.267185][61.575075] (170,128)[545.822326][567.931343][22.109017] (179,131)[317.394000][325.842293][8.448293] 

  238: (113,109),(102,113)    2   12 

(113,109)[541.412256][616.715837][75.303581] (105,110)[283.796642][300.428730][16.632088] 

  374: (589,220),(562,233)    3   31 

(589,220)[201.852848][207.431718][5.578870] (587,222)[1505.401655][1573.907012][68.505357] (565,227)[456.093728][473.907619][17.813890] 

  255: ( 78,121),( 93,149)    3   30 

( 78,121)[595.412109][605.257279][9.845170] ( 80,128)[869.463570][902.905552][33.441982] ( 91,138)[857.927773][906.357834][48.430060] 

  347: (523,195),(543,210)    3   25 

(523,195)[309.475315][314.600765][5.125450] (526,195)[1265.817177][1302.554582][36.737405] (538,211)[338.415092][388.006395][49.591303] 

  285: (626,154),(622,165)    5   43 

(626,154)[843.875289][873.903877][30.028588] (615,152)[738.851229][770.924004][32.072775] (606,155)[296.353589][306.248427][9.894838] (605,158)[852.311715][866.679390][14.367675] (613,168)[780.185806][785.037327][4.851521] 

   13: (642, 30),(615, 39)    1   28 

(642, 30)[1924.898762][2015.877915][90.979153] 

  351: (557,202),(593,219)    5   42 

(557,202)[482.001625][491.157613][9.155988] (563,198)[649.587718][659.931598][10.343880] (571,199)[917.048592][934.574430][17.525838] (579,210)[592.033593][616.343390][24.309797] (586,210)[727.540583][757.144802][29.604219] 

  369: (163,214),(141,225)    2   23 

(163,214)[964.054382][1028.641550][64.587168] (148,218)[436.713517][462.325120][25.611603] 

  227: (475,107),(466,125)    5   43 

(475,107)[517.756333][530.812679][13.056346] (472,101)[289.491814][293.213874][3.722060] (469, 99)[902.408365][921.169934][18.761569] (457,104)[414.466536][435.557576][21.091041] (458,109)[1283.218149][1316.761105][33.542955] 

  533: (472,630),(556,648)    6   85 

(472,630)[683.748083][690.366210][6.618127] (481,627)[487.814089][497.515366][9.701277] (487,630)[414.505559][422.042253][7.536695] (492,630)[1721.895534][1756.131329][34.235795] (516,636)[977.146770][988.496417][11.349647] (529,642)[1897.411381][1917.160621][19.749240] 

  151: (689,  1),(694, 15)    1   15 

(689,  1)[1003.117599][1091.486279][88.368681] 

  244: (504,113),(481,121)    1   24 

(504,113)[1608.063145][1694.829854][86.766709] 

  414: (595,266),(643,291)    6   56 

(595,266)[213.653802][218.429181][4.775379] (597,267)[407.520004][416.363191][8.843186] (602,264)[621.667248][637.314927][15.647679] (610,264)[1562.665382][1597.937247][35.271865] (625,286)[269.729263][278.756418][9.027155] (628,288)[1127.583631][1138.299905][10.716274] 

  363: (480,211),(461,214)    1   20 

(480,211)[1212.136963][1295.785331][83.648367] 

  435: (696,299),(740,342)    3   46 

(696,299)[293.926739][295.598129][1.671391] (699,302)[211.542910][213.218588][1.675678] (701,302)[2601.794826][2681.341211][79.546386] 

  445: ( 29,330),( 25,332)    6   40 

( 29,330)[719.252610][733.865543][14.612933] ( 38,333)[404.961652][417.218639][12.256988] ( 43,333)[183.057311][196.581850][13.524539] ( 45,335)[483.901592][494.886226][10.984633] ( 42,341)[498.616533][507.795937][9.179403] ( 36,343)[823.810910][844.604356][20.793446] 

  287: (695,153),(716,159)    5   23 

(695,153)[549.987714][593.097222][43.109508] (704,156)[472.819650][499.645164][26.825514] (711,156)[186.641790][193.235961][6.594171] (713,158)[195.295897][198.812298][3.516401] (715,157)[198.268933][199.381830][1.112897] 

  346: (572,194),(595,215)    3   32 

(572,194)[743.033402][774.568206][31.534803] (581,193)[1457.193529][1497.191344][39.997815] (591,211)[372.315463][381.531499][9.216036] 

  263: (395,127),(404,136)    3   14 

(395,127)[564.791036][614.208891][49.417855] (399,135)[195.405117][208.354078][12.948962] (401,137)[257.261834][275.228147][17.966312] 

  271: (681,135),(656,143)    1   26 

(681,135)[1777.270016][1857.294883][80.024867] 

  208: (504, 75),(513, 88)    4   20 

(504, 75)[325.359740][343.161131][17.801391] (502, 79)[575.160242][612.401895][37.241652] (505, 86)[297.914356][306.140586][8.226230] (508, 89)[411.500310][427.864796][16.364486] 

  522: (105,596),(211,622)    7  108 

(105,596)[191.569910][200.566860][8.996950] (107,596)[752.262274][773.479273][21.216999] (117,603)[1819.461979][1843.214535][23.752556] (141,602)[1950.172998][1964.127276][13.954278] (166,610)[2073.633254][2078.204012][4.570758] (192,610)[1153.221547][1158.796692][5.575145] (206,616)[528.338298][529.576922][1.238625] 

  479: (667,388),(697,397)    2   31 

(667,388)[916.317177][930.267566][13.950389] (679,390)[999.144397][1064.291299][65.146902] 

  406: (542,256),(519,270)    4   25 

(542,256)[796.207184][823.200824][26.993639] (532,267)[341.517601][373.774207][32.256607] (528,269)[201.051198][217.660483][16.609285] (526,268)[594.829579][597.772876][2.943296] 

   32: (338, 95),(372, 88)    4   35 

(338, 95)[921.994021][943.509386][21.515365] (350, 95)[616.152139][636.321164][20.169025] (358, 93)[352.965962][374.978634][22.012672] (363, 94)[622.098337][637.100171][15.001834] 

  225: ( 25, 99),(  1,103)    3   25 

( 25, 99)[279.462533][284.799179][5.336646] ( 21, 98)[678.444264][702.844762][24.400498] ( 12,103)[857.389570][906.274615][48.885045] 

  451: (624,343),(667,393)    5   55 

(624,343)[650.905149][658.474257][7.569108] (623,351)[2059.472931][2097.616068][38.143137] (651,378)[273.085331][281.781484][8.696153] (654,379)[412.243796][423.362328][11.118531] (657,384)[782.055137][794.286872][12.231735] 

   75: (442,191),(448,204)    2   14 

(442,191)[487.920495][501.992255][14.071760] (446,197)[503.169582][566.526665][63.357083] 

  538: (141,641),(180,644)    5   40 

(141,641)[414.829202][426.965174][12.135972] (147,644)[250.228533][259.085687][8.857153] (150,643)[899.023406][925.694865][26.671459] (163,646)[709.979199][728.816168][18.836968] (173,646)[523.995996][534.907849][10.911854] 

  154: (701, 19),(726, 17)    7   39 

(701, 19)[565.993703][581.967399][15.973696] (700, 12)[696.442170][720.535642][24.093472] (709,  3)[290.579534][297.234086][6.654552] (712,  2)[291.087831][297.339917][6.252087] (715,  5)[664.474454][681.225618][16.751164] (718, 13)[301.275097][304.161562][2.886465] (721, 16)[438.681726][441.211032][2.529306] 

   62: (141,152),(146,164)    1   13 

(141,152)[460.388269][535.228855][74.840585] 

  259: (490,124),(381,160)   10  110 

(490,124)[1181.041792][1195.325447][14.283655] (475,130)[1110.986562][1117.781764][6.795202] (461,142)[297.642667][298.688121][1.045454] (458,141)[2229.289615][2242.171412][12.881798] (430,149)[759.593079][771.509872][11.916794] (421,154)[1000.599425][1007.830770][7.231344] (409,157)[922.507851][929.869444][7.361593] (398,162)[601.236460][608.090771][6.854311] (391,162)[601.411139][606.986849][5.575709] (384,159)[297.473679][298.234056][0.760377] 

  214: (561, 85),(521, 97)    4   41 

(561, 85)[347.588213][350.552330][2.964117] (557, 83)[883.783916][898.574762][14.790847] (545, 84)[1011.273982][1028.311403][17.037421] (532, 93)[837.787492][877.437642][39.650150] 

  191: (173, 53),(135, 66)    6   40 

(173, 53)[379.026142][380.810624][1.784482] (169, 54)[852.063068][859.363667][7.300599] (159, 63)[969.924067][993.118045][23.193978] (147, 71)[433.768561][448.112984][14.344422] (142, 71)[480.794619][504.606936][23.812317] (136, 68)[219.093608][222.532474][3.438866] 

  474: (709,370),(741,403)    6   40 

(709,370)[1296.444395][1324.416606][27.972211] (727,388)[340.949309][357.759151][16.809841] (731,389)[322.446954][330.386944][7.939990] (731,393)[253.258763][254.591575][1.332811] (734,396)[322.623967][331.299334][8.675366] (735,400)[471.904745][482.823749][10.919004] 

  390: (655,243),(675,262)    5   30 

(655,243)[529.616930][559.001441][29.384511] (662,242)[606.241909][628.178650][21.936741] (670,248)[661.386263][679.808114][18.421851] (673,257)[189.023959][191.440874][2.416915] (672,259)[253.654413][255.061910][1.407496] 

  424: ( 24,280),(  1,287)    3   24 

( 24,280)[365.109363][377.062397][11.953034] ( 20,280)[791.478088][829.325298][37.847210] ( 10,285)[690.366276][714.019595][23.653319] 

  383: ( 76,233),( 66,261)    6   55 

( 76,233)[779.029759][782.344370][3.314610] ( 67,241)[1786.062635][1818.645919][32.583283] ( 46,265)[208.221800][211.066509][2.844709] ( 47,267)[482.077837][495.284256][13.206419] ( 53,267)[628.902304][637.005506][8.103202] ( 61,261)[384.419758][397.737767][13.318009] 

  341: (146,190),(169,217)    6   56 

(146,190)[945.993349][953.571775][7.578426] (135,199)[522.350873][542.916508][20.565635] (134,205)[464.097154][470.231439][6.134285] (139,209)[1166.652092][1185.203440][18.551348] (153,202)[465.184505][470.423531][5.239025] (158,203)[1132.662750][1147.947881][15.285131] 

  146: ( 67,  1),(123, 60)    3   61 

( 67,  1)[2213.441898][2222.815825][9.373926] ( 93, 26)[1384.247904][1392.511836][8.263932] (105, 42)[1434.722206][1490.371355][55.649149] 

  497: (725,431),(740,465)    5   35 

(725,431)[581.035219][593.645210][12.609992] (726,440)[502.629339][514.792871][12.163533] (732,448)[532.730745][541.714191][8.983446] (735,456)[301.748599][317.105320][15.356721] (735,460)[388.016675][412.121563][24.104887] 

    6: (583,  9),(557, 18)    2   27 

(583,  9)[488.361529][503.431019][15.069489] (577, 10)[1414.038767][1471.783830][57.745063] 

  423: ( 23,276),(  1,280)    4   23 

( 23,276)[214.843669][221.585884][6.742215] ( 21,274)[363.943880][384.191269][20.247389] ( 17,274)[969.421180][1000.211341][30.790161] (  5,280)[365.118676][378.955514][13.836838] 

    7: (583,  9),(601, 26)    2   21 

(583,  9)[1179.018393][1219.481276][40.462883] (596, 24)[448.455886][479.539977][31.084091] 

   59: (551,132),(561,152)    2   21 

(551,132)[622.754420][634.017252][11.262832] (556,139)[1025.934337][1085.563575][59.629238] 

  345: (417,193),(383,202)    4   35 

(417,193)[1501.690754][1536.983030][35.292276] (398,206)[427.186058][451.426044][24.239986] (393,206)[225.761100][230.469215][4.708116] (391,204)[637.449434][644.030303][6.580869] 

  550: (254,695),(294,739)    3   46 

(254,695)[1894.645376][1928.669909][34.024533] (278,722)[940.551221][965.328942][24.777721] (291,734)[392.920029][404.836490][11.916461] 

  494: (421,428),(393,440)    4   30 

(421,428)[594.472168][605.909070][11.436902] (413,433)[810.221778][849.779365][39.557586] (401,433)[285.853534][299.407477][13.553943] (397,435)[355.960485][361.750759][5.790274] 

  249: ( 72,116),( 57,122)    1   16 

( 72,116)[922.142130][992.106693][69.964563] 

  512: (436,510),(391,531)    3   46 

(436,510)[1218.570044][1242.152480][23.582436] (417,520)[709.378499][729.190473][19.811974] (407,523)[1074.072631][1100.532840][26.460208] 

  516: ( 24,567),(105,594)   11   85 

( 24,567)[224.402130][225.643003][1.240872] ( 23,569)[449.590524][451.598076][2.007552] ( 28,573)[745.612597][750.258448][4.645850] ( 37,574)[977.300304][984.445269][7.144964] ( 49,581)[520.101465][522.805040][2.703575] ( 55,584)[738.206134][746.607739][8.401606] ( 64,581)[683.255001][686.739012][3.484011] ( 72,586)[1247.194119][1262.802364][15.608245] ( 88,589)[208.981904][210.015819][1.033915] ( 90,591)[559.548412][566.939865][7.391453] ( 97,591)[637.813116][653.907335][16.094219] 

  207: (491, 75),(453, 88)    1   39 

(491, 75)[2617.252761][2686.853865][69.601104] 

  250: (606,116),(568,131)    2   39 

(606,116)[2275.521223][2334.296015][58.774792] (577,131)[749.848702][760.649065][10.800363] 

  184: (564, 41),(550, 72)    3   32 

(564, 41)[898.729735][907.128899][8.399163] (556, 52)[743.887621][775.282794][31.395173] (556, 62)[730.063168][759.802479][29.739311] 

  248: (413,115),(390,123)    1   24 

(413,115)[1498.664761][1567.601222][68.936461] 

  498: ( 44,438),( 19,442)    2   26 

( 44,438)[1357.189513][1402.075920][44.886407] ( 26,439)[573.510483][596.992900][23.482417] 

   92: ( 29,244),( 50,241)    3   24 

( 29,244)[335.031034][346.046157][11.015122] ( 31,248)[315.950761][339.341731][23.390970] ( 35,248)[1062.791831][1095.538357][32.746526] 

  448: (381,334),(356,340)    1   26 

(381,334)[1759.204311][1826.241159][67.036848] 

  162: (  5, 13),(  1, 40)    5   39 

(  5, 13)[563.556411][564.221796][0.665385] ( 11, 14)[380.993212][390.396206][9.402994] ( 15, 18)[923.133701][944.074444][20.940742] ( 18, 29)[692.988625][704.077631][11.089006] ( 10, 36)[744.473200][769.320452][24.847252] 

  313: (638,175),(644,190)    7   37 

(638,175)[236.842591][238.097446][1.254855] (636,174)[682.574347][693.170278][10.595930] (629,182)[609.886283][620.733015][10.846732] (627,189)[604.331736][616.266041][11.934305] (632,196)[446.408369][463.588735][17.180366] (637,194)[374.794194][385.560791][10.766597] (641,190)[292.494619][296.517032][4.022412] 

  235: (205,114),(253,107)    6   49 

(205,114)[400.361810][405.524754][5.162944] (210,110)[817.151400][834.866566][17.715166] (221,106)[867.624994][878.663882][11.038888] (233,107)[333.321028][342.366723][9.045695] (237,109)[933.553898][951.640152][18.086254] (249,109)[357.426581][362.590131][5.163549] 

  147: (501,  1),(466, 11)    3   36 

(501,  1)[1046.253041][1085.801666][39.548625] (486,  3)[422.161674][431.753891][9.592217] (480,  7)[916.332679][933.251487][16.918808] 

  489: (722,423),(740,428)    2   19 

(722,423)[776.472277][805.119075][28.646798] (732,427)[591.255322][628.387011][37.131689] 

  145: ( 14,  1),(  1, 11)    4   20 

( 14,  1)[229.821591][232.262070][2.440478] ( 12,  3)[517.908265][536.776951][18.868686] (  6,  3)[508.793404][534.491644][25.698240] (  6,  9)[436.697126][454.444775][17.747648] 

  106: (618,307),(599,310)    2   20 

(618,307)[707.790576][733.448171][25.657595] (609,311)[723.541624][762.169502][38.627878] 

  218: (553, 94),(515,109)    5   40 

(553, 94)[435.540170][445.096936][9.556767] (549, 89)[511.291278][521.375038][10.083760] (543, 90)[757.317992][770.219421][12.901429] (533, 99)[1022.699513][1049.078321][26.378807] (519,105)[362.918640][368.055577][5.136937] 

   85: (408,238),(395,228)    2   17 

(408,238)[781.501870][806.798291][25.296422] (401,228)[437.683320][476.333406][38.650087] 

  312: (577,177),(585,175)    3   17 

(577,177)[320.292823][339.748341][19.455517] (573,177)[257.021655][270.615787][13.594132] (576,174)[616.350092][647.115993][30.765901] 

  305: (693,167),(655,180)    3   39 

(693,167)[626.523959][641.475298][14.951339] (684,169)[702.450830][710.868909][8.418079] (674,174)[1223.640264][1263.741912][40.101648] 

   83: (538,225),(522,229)    2   17 

(538,225)[339.212711][373.800421][34.587710] (533,228)[642.962043][671.529807][28.567764] 

  370: ( 47,215),( 60,240)    2   26 

( 47,215)[883.591959][928.312551][44.720592] ( 54,226)[1176.551698][1194.798461][18.246763] 

  499: (  1,440),( 12,443)    2   12 

(  1,440)[323.106556][343.913835][20.807278] (  5,440)[498.983982][540.999701][42.015719] 

  378: (626,229),(607,246)    3   36 

(626,229)[935.722396][958.876078][23.153682] (613,229)[781.672079][799.741302][18.069222] (603,234)[963.117342][984.306354][21.189012] 

  492: (168,429),(188,430)    4   21 

(168,429)[265.714934][279.410686][13.695752] (171,430)[489.831333][511.491986][21.660653] (177,427)[707.942278][728.918013][20.975735] (186,428)[225.374277][230.111145][4.736868] 

  426: (545,283),(472,294)    9   74 

(545,283)[655.216736][666.480661][11.263926] (537,282)[547.341704][551.955773][4.614069] (531,285)[314.819575][315.610697][0.791121] (528,284)[954.228394][957.719492][3.491098] (517,286)[618.351072][621.259419][2.908347] (510,291)[1251.181050][1263.214493][12.033442] (495,291)[629.700049][637.440290][7.740241] (488,289)[991.366835][1008.916313][17.549479] (476,294)[396.415625][396.970857][0.555232] 

  501: (186,440),(205,440)    5   24 

(186,440)[202.155256][207.201175][5.045918] (186,442)[336.189734][345.012742][8.823008] (190,444)[878.236143][916.963209][38.727066] (202,445)[280.256536][284.828062][4.571526] (205,442)[214.245776][217.894390][3.648614] 

  441: (479,316),(438,320)    2   42 

(479,316)[879.792058][911.626518][31.834460] (467,315)[1921.930201][1950.301194][28.370993] 

  386: (438,235),(414,242)    1   25 

(438,235)[1589.368417][1649.125489][59.757072] 

  149: (622,  1),(608,  4)    3   21 

(622,  1)[365.843511][387.947607][22.104096] (624,  5)[825.260581][851.837534][26.576953] (614,  8)[496.293702][506.849013][10.555311] 

  157: (520,  5),(545, 23)    5   32 

(520,  5)[516.688261][527.953446][11.265185] (526,  5)[490.346532][496.387654][6.041122] (532,  8)[709.645259][720.702488][11.057229] (535, 17)[496.316222][506.566543][10.250320] (541, 23)[333.222726][353.617142][20.394416] 

  203: ( 63, 70),( 84, 70)    3   22 

( 63, 70)[268.187611][274.210670][6.023060] ( 66, 68)[387.922343][410.517433][22.595090] ( 71, 70)[868.740942][898.966679][30.225736] 

  267: ( 78,131),( 67,132)    1   12 

( 78,131)[634.177477][692.376423][58.198946] 

   78: (175,202),(188,216)    2   17 

(175,202)[1044.045437][1099.360857][55.315420] (186,216)[198.923297][201.355218][2.431921] 

  524: (  8,608),( 49,616)    3   42 

(  8,608)[846.771871][859.111137][12.339267] ( 19,608)[1225.779090][1241.644089][15.864999] ( 35,616)[1093.080019][1122.333467][29.253448] 

  342: (359,190),(375,232)    4   43 

(359,190)[477.061404][480.713746][3.652342] (362,195)[639.916949][643.795192][3.878242] (362,202)[709.067482][718.242606][9.175124] (367,210)[1755.708301][1796.454518][40.746218] 

   64: (146,164),(153,178)    2   15 

(146,164)[363.422532][398.573625][35.151093] (148,172)[326.985748][348.929723][21.943975] 

  329: (565,182),(547,187)    2   19 

(565,182)[354.484544][363.619534][9.134990] (561,182)[1000.798998][1048.665051][47.866054] 

  507: ( 25,470),(  1,479)    4   25 

( 25,470)[226.314897][231.764665][5.449768] ( 23,468)[451.252465][465.791564][14.539099] ( 18,468)[852.759138][871.567342][18.808204] (  8,476)[614.748004][631.731442][16.983438] 

  401: (488,249),(502,255)    3   15 

(488,249)[439.950344][455.269235][15.318891] (494,254)[456.803113][485.059653][28.256541] (500,253)[186.882583][198.808306][11.925723] 

  362: (273,211),(161,238)    6  113 

(273,211)[684.352562][687.948760][3.596198] (265,216)[2325.935546][2331.498563][5.563017] (236,220)[1279.340015][1286.103935][6.763920] (220,224)[222.627531][223.532962][0.905431] (218,223)[3399.988781][3429.127184][29.138403] (174,232)[1035.252794][1044.665974][9.413179] 

  491: (703,426),(719,461)    2   36 

(703,426)[972.785021][987.450563][14.665543] (703,439)[1531.780208][1571.729975][39.949767] 

  536: (516,633),(552,636)    5   37 

(516,633)[194.498993][197.535515][3.036522] (518,634)[780.021894][790.143623][10.121729] (529,631)[906.569036][935.239936][28.670900] (542,634)[401.816001][410.374119][8.558117] (547,637)[420.518238][424.519232][4.000994] 

  324: (544,180),(563,179)    2   20 

(544,180)[422.474764][433.970715][11.495951] (549,178)[1023.510323][1065.336708][41.826385] 

  439: (348,313),(348,332)    4   24 

(348,313)[424.234641][438.304580][14.069939] (342,315)[186.045099][187.150268][1.105169] (344,317)[488.476433][519.030777][30.554344] (344,324)[603.545879][611.065092][7.519213] 

  122: (387,380),(354,384)    3   34 

(387,380)[741.324765][764.248588][22.923822] (378,380)[1612.229535][1636.911588][24.682053] (358,386)[389.809554][395.395428][5.585874] 

  462: (652,366),(667,383)    7   48 

(652,366)[515.914120][517.844615][1.930495] (646,365)[362.769559][367.089323][4.319764] (642,361)[368.654931][372.855714][4.200783] (643,357)[653.742119][669.243881][15.501762] (651,358)[836.429833][848.837859][12.408026] (662,369)[854.772568][865.338157][10.565589] (668,380)[266.354989][270.618197][4.263208] 

  449: (350,337),(360,367)    2   31 

(350,337)[1552.991585][1597.461729][44.470144] (359,356)[963.489645][971.823098][8.333453] 

  384: (651,234),(616,237)    5   37 

(651,234)[566.515403][574.757910][8.242507] (645,241)[423.007316][441.508778][18.501462] (640,243)[633.581526][648.263762][14.682236] (632,241)[656.749638][661.835506][5.085869] (624,242)[655.382646][661.529651][6.147005] 

  308: (181,170),(194,174)    2   16 

(181,170)[834.697630][880.337228][45.639597] (193,171)[270.502390][276.699750][6.197360] 

  431: (400,295),(421,301)    2   22 

(400,295)[889.257358][913.543752][24.286394] (411,300)[809.535455][836.922340][27.386886] 

  397: (551,245),(559,266)    2   22 

(551,245)[623.872041][642.193419][18.321377] (552,254)[744.937422][777.931763][32.994340] 

  425: (674,280),(741,353)    4   78 

(674,280)[1850.374959][1858.560484][8.185525] (696,304)[2654.126179][2681.945642][27.819463] (724,340)[759.053596][769.334608][10.281012] (734,350)[576.372722][580.301563][3.928842] 

   84: (538,225),(561,240)    5   28 

(538,225)[365.483537][379.334761][13.851223] (543,230)[205.653680][206.449150][0.795470] (545,230)[269.982129][281.582641][11.600512] (544,233)[554.179973][566.377752][12.197780] (551,239)[771.042630][782.497789][11.455159] 

  205: ( 66, 75),( 76, 87)    1   13 

( 66, 75)[714.070828][763.679799][49.608970] 

  559: (426,726),(452,727)    3   27 

(426,726)[225.335953][247.999402][22.663449] (429,726)[291.170532][298.670724][7.500193] (433,730)[1364.893914][1384.106142][19.212228] 

   38: (386, 96),(408, 76)    2   25 

(386, 96)[856.932652][900.076769][43.144118] (401, 85)[553.328538][559.073517][5.744979] 

  490: (447,426),(475,458)    3   34 

(447,426)[933.931052][954.969548][21.038496] (457,439)[1318.194163][1340.897509][22.703345] (475,456)[200.793847][205.063706][4.269859] 

  392: ( 94,244),( 70,259)    2   25 

( 94,244)[374.856312][386.727341][11.871029] ( 90,245)[1562.146415][1597.965681][35.819266] 

  478: (422,386),(438,417)    2   32 

(422,386)[1334.392014][1367.324627][32.932613] (429,404)[1050.760254][1065.372640][14.612386] 

  520: (222,595),(312,616)    1   91 

(222,595)[6809.973182][6857.386631][47.413449] 

   60: (141,152),(136,144)    1    9 

(141,152)[374.168469][421.421662][47.253193] 

  272: (450,139),(389,156)    4   62 

(450,139)[1791.457800][1806.407340][14.949540] (428,145)[535.125817][544.520286][9.394468] (422,149)[1697.147391][1711.843955][14.696564] (401,156)[987.707592][995.268012][7.560420] 

  364: (482,211),(487,228)    2   18 

(482,211)[532.177870][551.273894][19.096025] (482,218)[684.498999][711.714875][27.215876] 

  175: (165, 31),(134, 51)    2   32 

(165, 31)[464.088758][473.387309][9.298552] (160, 32)[2057.640458][2094.485343][36.844885] 

  529: (434,623),(463,628)    4   30 

(434,623)[647.385250][654.347674][6.962424] (443,620)[467.884649][475.857428][7.972778] (449,620)[778.524740][806.798860][28.274119] (460,625)[270.877057][273.396618][2.519561] 

  558: (341,721),(356,737)    1   17 

(341,721)[1097.658607][1143.359464][45.700856] 

  185: ( 23, 45),( 42, 60)    3   24 

( 23, 45)[660.945467][672.937624][11.992157] ( 31, 45)[640.499661][664.909509][24.409847] ( 39, 53)[566.838399][575.951395][9.112996] 

  309: (463,172),(443,183)    2   21 

(463,172)[1079.133455][1098.273671][19.140216] (449,184)[424.777745][450.643315][25.865571] 

  403: (269,256),(291,268)    3   24 

(269,256)[364.445175][370.418326][5.973151] (273,256)[1009.326199][1029.019529][19.693331] (285,269)[506.133460][525.000721][18.867261] 

  211: ( 51, 80),( 25, 84)    2   27 

( 51, 80)[858.503232][884.205246][25.702014] ( 39, 80)[1054.970499][1073.700161][18.729662] 

   18: ( 26, 57),(  6, 41)    2   24 

( 26, 57)[1109.791157][1144.347030][34.555873] ( 14, 42)[574.821983][584.546568][9.724585] 

  215: ( 62, 85),( 68,103)    2   19 

( 62, 85)[204.481407][214.919494][10.438087] ( 64, 87)[1072.824836][1106.438570][33.613734] 

  166: (548, 16),(585, 38)    8   68 

(548, 16)[693.586706][700.542221][6.955515] (550, 24)[1147.076070][1166.370877][19.294807] (559, 38)[867.637174][874.676021][7.038847] (569, 34)[638.558880][639.970277][1.411397] (576, 34)[886.377395][887.931800][1.554405] (586, 29)[555.113696][557.926373][2.812676] (592, 30)[475.849927][477.980722][2.130795] (592, 35)[636.243088][638.595488][2.352400] 

   69: ( 80,179),( 57,153)    2   29 

( 80,179)[1605.646760][1627.623713][21.976953] ( 64,158)[578.953376][600.317975][21.364599] 

  472: (673,369),(676,383)    2   18 

(673,369)[1064.477498][1104.930428][40.452929] (674,384)[163.398039][166.145696][2.747657] 

  168: (699, 20),(678, 23)    5   22 

(699, 20)[212.338028][215.698734][3.360706] (697, 21)[291.274295][296.167098][4.892803] (694, 18)[774.310735][787.327813][13.017078] (685, 19)[366.859313][382.985121][16.125808] (681, 23)[306.488805][312.086259][5.597454] 

  251: (102,117),(115,136)    3   26 

(102,117)[778.777049][782.301507][3.524458] (102,126)[830.649262][855.220373][24.571111] (109,136)[513.157776][527.892260][14.734484] 

   76: (175,202),(169,191)    1   12 

(175,202)[825.727638][868.448429][42.720791] 

   91: ( 29,244),( 45,230)    1   17 

( 29,244)[1157.044493][1199.699062][42.654570] 

  355: (182,203),(199,206)    2   18 

(182,203)[554.268621][571.620437][17.351815] (189,206)[778.170763][803.281960][25.111197] 

  548: (686,672),(686,687)    4   26 

(686,672)[382.145463][399.084698][16.939235] (691,674)[631.578538][647.961505][16.382967] (698,682)[580.867468][585.246223][4.378756] (691,688)[436.754454][441.118954][4.364500] 

   74: (442,191),(451,189)    2   10 

(442,191)[295.751353][317.231759][21.480406] (446,189)[362.544174][382.774701][20.230527] 

  178: (464, 38),(480, 37)    3   17 

(464, 38)[385.944529][392.752544][6.808016] (469, 39)[197.088369][204.376459][7.288090] (471, 37)[681.136665][708.730086][27.593421] 

   14: (642, 30),(645, 38)    1    9 

(642, 30)[591.680246][633.185803][41.505558] 

  382: (399,231),(409,249)    5   24 

(399,231)[813.283237][832.624802][19.341565] (400,241)[465.852208][471.869326][6.017118] (405,245)[385.367908][396.773909][11.406001] (409,245)[226.120628][229.811724][3.691095] (411,247)[215.980316][216.794100][0.813784] 

   80: (196,202),(223,203)    3   28 

(196,202)[641.182752][654.152489][12.969737] (204,206)[730.292655][750.553064][20.260409] (213,202)[827.196490][835.217601][8.021111] 

    0: (583,  9),(577,  2)    3   10 

(583,  9)[304.232260][320.257426][16.025167] (582,  5)[233.327495][249.197442][15.869947] (579,  2)[172.869744][182.018279][9.148535] 

  517: (  1,569),(  1,575)    5   36 

(  1,569)[836.661626][842.262277][5.600651] ( 11,571)[521.983315][529.951589][7.968274] ( 17,576)[361.279547][364.681637][3.402090] ( 16,580)[438.880024][449.602941][10.722917] ( 11,577)[809.979765][823.191210][13.211445] 

  222: (628, 95),(612,107)    2   25 

(628, 95)[1251.079543][1280.024147][28.944604] (611,100)[550.507918][562.402149][11.894231] 

  420: (294,272),(300,294)    1   23 

(294,272)[1558.784792][1599.223637][40.438845] 

  130: (116,474),(155,451)    2   40 

(116,474)[626.095593][638.793282][12.697689] (125,470)[2000.149299][2027.846476][27.697176] 

  293: (197,160),(178,167)    2   20 

(197,160)[1127.101267][1160.826528][33.725261] (181,167)[245.945710][252.556722][6.611012] 

   58: (551,132),(607,111)    2   57 

(551,132)[3958.675685][3991.866346][33.190661] (601,112)[548.801220][555.669101][6.867881] 

  467: (715,362),(741,394)    3   36 

(715,362)[356.936852][360.882825][3.945972] (714,366)[1653.666639][1674.345790][20.679151] (736,385)[690.815871][706.022772][15.206901] 

  266: (570,128),(556,133)    1   15 

(570,128)[1090.914587][1130.699409][39.784822] 

  515: (257,559),(234,563)    2   24 

(257,559)[664.820510][693.450386][28.629876] (248,563)[1061.879745][1072.985771][11.106026] 

  179: (329, 39),(339, 53)    2   16 

(329, 39)[560.709407][576.401891][15.692484] (336, 45)[586.218240][609.326371][23.108131] 

  197: (342, 60),(354, 60)    1   13 

(342, 60)[767.234048][805.931671][38.697623] 

  322: (592,176),(595,211)    2   36 

(592,176)[908.901548][922.945299][14.043751] (581,187)[1854.389426][1878.944724][24.555298] 

  352: (384,200),(373,202)    1   12 

(384,200)[812.725633][851.151823][38.426190] 

  231: (626,102),(614,105)    2   13 

(626,102)[402.784407][421.320184][18.535777] (621,105)[550.594329][570.193417][19.599088] 

  239: ( 15,110),( 23,113)    2    9 

( 15,110)[249.991454][264.522240][14.530786] ( 18,110)[349.852700][373.437389][23.584689] 

  318: (  1,176),(  7,176)    1    7 

(  1,176)[377.969242][415.762149][37.792907] 

  430: ( 31,295),(  1,303)    5   31 

( 31,295)[751.405457][755.043433][3.637977] ( 22,296)[606.334956][609.186943][2.851987] ( 15,300)[425.567896][432.301466][6.733570] ( 10,300)[204.825668][210.675215][5.849546] (  8,302)[550.525301][569.212959][18.687658] 

  161: (546, 11),(583, 15)    5   43 

(546, 11)[587.218534][603.380582][16.162048] (553, 16)[622.379906][629.912938][7.533032] (556, 23)[236.054302][236.943373][0.889071] (558, 25)[1893.708417][1906.240247][12.531830] (581, 18)[314.294772][314.932947][0.638175] 

  323: (246,177),(232,196)    3   24 

(246,177)[784.761392][792.054775][7.293384] (236,183)[526.563524][547.188825][20.625301] (230,190)[468.360604][478.142721][9.782117] 

  417: (488,268),(500,271)    1   13 

(488,268)[881.066151][918.555715][37.489564] 

    9: (601, 26),(619, 59)    3   35 

(601, 26)[563.033461][568.411461][5.378000] (607, 31)[1012.631090][1036.881357][24.250267] (614, 43)[1372.548005][1380.311504][7.763499] 

  457: (399,352),(387,357)    2   13 

(399,352)[268.170322][291.666246][23.495924] (396,355)[745.476265][759.287803][13.811538] 

  108: (609,319),(602,315)    2    8 

(609,319)[272.304787][290.579556][18.274770] (606,316)[326.788859][345.790026][19.001167] 

  193: (391, 53),(369, 56)    2   23 

(391, 53)[476.755937][480.732356][3.976419] (385, 58)[1128.580609][1161.662526][33.081917] 

  192: (333, 53),(310, 59)    2   24 

(333, 53)[834.926796][845.710410][10.783614] (322, 58)[885.028876][910.730896][25.702020] 

  258: (437,123),(394,151)    3   45 

(437,123)[773.425450][783.825114][10.399664] (428,124)[1683.746151][1702.702555][18.956404] (407,137)[1157.661223][1164.688881][7.027658] 

  210: (444, 79),(461, 95)    2   24 

(444, 79)[1177.772941][1198.371737][20.598797] (454, 95)[572.269599][588.021353][15.751754] 

  402: ( 90,253),( 71,262)    1   20 

( 90,253)[1406.688122][1442.612327][35.924205] 

  461: (688,356),(707,364)    3   25 

(688,356)[673.316071][678.535227][5.219156] (691,364)[288.411078][297.427011][9.015933] (694,366)[959.872248][981.369705][21.497458] 

  404: (417,256),(427,301)    2   46 

(417,256)[1494.747330][1515.416488][20.669158] (417,274)[2205.206489][2220.249057][15.042568] 

  173: (678, 29),(622, 48)    5   57 

(678, 29)[831.962941][837.432836][5.469894] (668, 39)[218.814512][221.871730][3.057218] (666, 38)[218.089633][220.091609][2.001976] (664, 40)[1419.654095][1438.398517][18.744422] (646, 40)[1954.141726][1960.572742][6.431017] 

  124: ( 21,436),( 31,427)    2   13 

( 21,436)[639.564208][657.892728][18.328520] ( 28,427)[230.167912][247.507897][17.339985] 

  546: (427,672),(447,671)    1   21 

(427,672)[1440.965444][1476.312711][35.347267] 

  159: (373,  9),(354, 13)    2   20 

(373,  9)[613.547790][621.372844][7.825054] (365, 12)[798.279387][825.570499][27.291112] 

   29: (338, 95),(317, 87)    2   22 

(338, 95)[979.404184][1006.236309][26.832125] (325, 87)[636.562462][644.842869][8.280407] 

  164: (461, 13),(441, 21)    3   21 

(461, 13)[623.374688][639.021611][15.646923] (452, 17)[338.810669][349.684138][10.873469] (448, 17)[536.057967][544.647245][8.589278] 

  446: (621,332),(649,347)    4   32 

(621,332)[226.865139][228.454792][1.589653] (623,331)[438.994226][449.025207][10.030981] (628,333)[798.899722][812.905464][14.005742] (638,333)[1078.775225][1088.066070][9.290845] 

  454: (695,347),(707,356)    2   14 

(695,347)[567.219462][582.271522][15.052059] (701,354)[486.189255][505.992106][19.802851] 

  260: (398,125),(406,126)    2    9 

(398,125)[427.097056][454.340632][27.243576] (404,127)[191.491765][199.070562][7.578797] 

  213: ( 52, 82),( 60, 86)    1    9 

( 52, 82)[520.089583][554.838556][34.748973] 

  172: (531, 29),(545, 40)    3   19 

(531, 29)[345.591485][349.787964][4.196479] (535, 29)[795.490152][819.008136][23.517983] (545, 36)[372.714078][379.474876][6.760798] 

  127: ( 21,436),( 10,439)    1   12 

( 21,436)[724.224643][758.371319][34.146676] 

  252: (475,117),(467,119)    1    9 

(475,117)[594.838655][628.717107][33.878452] 

  361: ( 51,213),( 72,213)    2   22 

( 51,213)[476.923764][485.307322][8.383557] ( 57,211)[1101.637854][1126.911506][25.273652] 

  232: (477,106),(500,107)    2   24 

(477,106)[1112.666293][1137.432986][24.766693] (491,104)[747.575546][756.080569][8.505023] 

  292: (449,158),(445,181)    2   24 

(449,158)[1303.131038][1321.736212][18.605174] (443,175)[456.676960][471.267277][14.590316] 

  399: (116,248),( 91,259)    1   26 

(116,248)[1814.185634][1847.140803][32.955170] 

  269: (647,134),(658,153)    2   20 

(647,134)[646.435479][672.629685][26.194206] (653,142)[951.829189][958.559259][6.730070] 

  562: ( 10,616),( 37,626)    3  157417536 

( 10,616)[619.359714][629.372896][10.013183] ( 18,620)[338.129247][346.685123][8.555877] ( 22,620)[1078.933957][1092.282009][13.348052] 

  169: (634, 19),(610, 27)    1   25 

(634, 19)[1739.388640][1771.010909][31.622269] 

  433: (366,300),(393,299)    2   28 

(366,300)[291.986270][293.242345][1.256075] (369,298)[1873.868357][1904.228850][30.360494] 

  377: (381,226),(396,226)    1   16 

(381,226)[1008.167432][1039.591309][31.423876] 

  132: (114,541),(142,541)    1   29 

(114,541)[1866.980193][1898.175801][31.195609] 

  486: (691,416),(704,418)    1   14 

(691,416)[971.696544][1002.812589][31.116045] 

  357: (439,204),(447,206)    1    9 

(439,204)[612.031427][643.127919][31.096492] 

  468: (652,363),(664,386)    4   24 

(652,363)[418.496890][423.071979][4.575089] (655,368)[217.208980][218.927631][1.718652] (654,370)[514.454086][521.137280][6.683194] (659,376)[775.042138][792.884992][17.842854] 

    4: (100,  9),( 76,  1)    1   25 

(100,  9)[1870.209779][1900.976732][30.766953] 

  241: (452,111),(450,128)    3   18 

(452,111)[722.097693][735.801165][13.703471] (451,121)[243.775004][251.255244][7.480240] (453,124)[327.838846][336.706761][8.867916] 

  460: (660,354),(682,367)    5   34 

(660,354)[1316.654716][1333.075579][16.420862] (677,356)[442.528866][450.749516][8.220650] (682,358)[372.066318][374.388453][2.322136] (686,362)[433.930029][436.158400][2.228371] (684,367)[207.403263][208.239920][0.836657] 

  121: (387,380),(432,370)    4   46 

(387,380)[717.047751][719.665661][2.617909] (395,376)[1653.714270][1664.969231][11.254961] (415,373)[618.514190][627.429931][8.915741] (422,370)[840.797197][847.988794][7.191597] 

  317: (536,175),(549,199)    2   25 

(536,175)[1020.725837][1039.432933][18.707096] (544,187)[1037.797443][1048.696524][10.899080] 

  278: (103,144),( 95,149)    1    9 

(103,144)[646.617520][675.735136][29.117616] 

  395: (353,245),(317,259)    2   37 

(353,245)[759.146688][765.237403][6.090714] (343,252)[1983.229962][2006.249799][23.019836] 

  393: (129,244),( 97,266)    2   36 

(129,244)[712.304285][716.437381][4.133096] (123,253)[1886.765168][1911.481603][24.716434] 

  291: (629,157),(612,162)    1   18 

(629,157)[1269.817041][1298.623285][28.806244] 

  455: (509,350),(523,365)    2   19 

(509,350)[1148.353480][1175.310048][26.956568] (521,366)[217.991681][219.737408][1.745727] 

  163: (145, 13),(142, 34)    3   22 

(145, 13)[747.609178][753.276934][5.667756] (144, 22)[357.553948][366.065085][8.511137] (142, 26)[657.814507][672.094584][14.280077] 

    5: (100,  9),(106, 39)    3   31 

(100,  9)[686.985972][692.791343][5.805370] (104, 17)[1423.042233][1443.283554][20.241322] (107, 35)[384.938126][387.325336][2.387211] 

  429: ( 59,293),( 40,297)    5   24 

( 59,293)[225.964117][228.193539][2.229422] ( 61,292)[219.066875][222.629819][3.562944] ( 59,290)[893.670655][910.538032][16.867376] ( 48,291)[536.326048][539.457270][3.131222] ( 42,297)[218.773232][221.415742][2.642509] 

  300: (225,163),(241,168)    2   17 

(225,163)[396.124825][403.536356][7.411530] (230,163)[800.769055][821.590758][20.821703] 

   87: (408,238),(416,251)    1   14 

(408,238)[1028.154922][1055.922303][27.767382] 

  319: ( 45,176),( 54,180)    2   10 

( 45,176)[321.567412][337.193753][15.626341] ( 49,180)[388.553377][400.542056][11.988679] 

  458: (411,352),(425,355)    2   15 

(411,352)[528.214914][533.925373][5.710459] (417,357)[655.848236][677.414849][21.566613] 

  336: (706,184),(662,203)    3   45 

(706,184)[227.606746][228.270302][0.663556] (704,186)[2837.488690][2860.769294][23.280603] (668,199)[534.076516][537.223704][3.147188] 

  117: (691,344),(705,341)    2   15 

(691,344)[484.011099][495.279047][11.267948] (697,345)[567.253957][582.774182][15.520226] 

  372: (208,218),(169,227)    2   40 

(208,218)[1535.077289][1543.629307][8.552018] (189,220)[1593.067091][1611.214429][18.147338] 

  443: (407,322),(413,323)    1    7 

(407,322)[391.916566][418.384659][26.468093] 

  551: (643,699),(683,704)    2   41 

(643,699)[540.024656][543.020926][2.996270] (649,697)[2706.953574][2730.279980][23.326406] 

  176: (165, 34),(141, 51)    1   25 

(165, 34)[1867.058563][1893.275176][26.216613] 

  487: (168,420),(192,432)    3   29 

(168,420)[910.727177][922.539566][11.812389] (179,419)[531.996319][533.998582][2.002263] (185,421)[897.510141][909.771635][12.261494] 

   88: ( 29,244),( 20,250)    1   10 

( 29,244)[590.660851][616.346539][25.685688] 

  188: (373, 47),(385, 48)    1   13 

(373, 47)[804.156690][829.652759][25.496068] 

  359: (662,205),(640,214)    2   23 

(662,205)[1204.385642][1226.994333][22.608691] (646,209)[493.978978][496.343329][2.364351] 

  220: ( 21, 91),( 37,104)    1   17 

( 21, 91)[1189.709434][1214.612571][24.903137] 

  150: (684,  1),(690, 12)    1   12 

(684,  1)[873.160675][897.658719][24.498044] 

  544: (399,665),(412,670)    3   14 

(399,665)[195.972364][201.015156][5.042791] (401,664)[391.262124][403.994819][12.732695] (406,668)[468.635422][475.253214][6.617792] 

  553: (691,713),(722,714)    2   32 

(691,713)[463.452162][466.318375][2.866213] (696,708)[2076.886523][2098.322331][21.435808] 

  256: (439,121),(448,134)    2   14 

(439,121)[607.358942][626.403399][19.044456] (442,128)[528.626050][533.370821][4.744771] 

  463: (379,359),(362,362)    4   18 

(379,359)[379.820014][381.277172][1.457158] (375,361)[301.761780][304.007895][2.246116] (372,360)[216.069457][220.212386][4.142929] (370,362)[653.436633][669.345280][15.908647] 

   56: (551,132),(511,148)    1   41 

(551,132)[3262.529056][3285.980762][23.451707] 

  194: (143, 54),(125, 59)    2   19 

(143, 54)[691.845729][702.461981][10.616252] (135, 54)[819.667334][832.483719][12.816385] 

  201: (132, 63),(126, 65)    2    9 

(132, 63)[265.193390][274.119924][8.926534] (131, 66)[354.505926][368.832029][14.326103] 

  389: (577,238),(563,243)    1   15 

(577,238)[995.276824][1018.390197][23.113373] 

  447: (340,332),(345,344)    2   13 

(340,332)[509.594502][520.511505][10.917003] (340,338)[501.110702][513.287825][12.177123] 

  358: (422,205),(407,215)    2   17 

(422,205)[447.916426][448.864384][0.947958] (418,210)[848.521782][870.549335][22.027553] 

  409: (452,261),(458,277)    2   17 

(452,261)[584.386211][592.748522][8.362310] (456,268)[746.408513][760.996635][14.588122] 

   23: (329, 81),(344, 87)    1   16 

(329, 81)[1108.624359][1131.462463][22.838104] 

  470: (384,368),(382,372)    4   27 

(384,368)[758.358418][768.058323][9.699905] (393,364)[316.595675][317.184713][0.589038] (396,366)[542.414965][546.163883][3.748919] (390,371)[706.571875][715.294918][8.723043] 

  174: (131, 30),(112, 36)    3   20 

(131, 30)[391.370520][394.675791][3.305271] (127, 33)[781.640350][795.334841][13.694490] (118, 32)[538.873512][544.620858][5.747346] 

  156: ( 65,  5),(111, 57)    3   55 

( 65,  5)[988.145621][989.458114][1.312492] ( 71, 16)[243.641205][243.934813][0.293609] ( 70, 18)[3334.124411][3354.999591][20.875180] 

  181: (110, 41),(129, 53)    2   20 

(110, 41)[1300.296368][1319.804780][19.508412] (127, 55)[219.104549][221.968554][2.864005] 

   95: (446,246),(450,257)    1   12 

(446,246)[821.343610][843.291636][21.948027] 

  114: (612,325),(616,337)    1   13 

(612,325)[894.695281][916.557964][21.862683] 

  229: (254,102),(234,105)    2   21 

(254,102)[800.472912][810.311064][9.838152] (244,106)[774.208724][786.154284][11.945560] 

  371: ( 75,217),( 58,223)    1   18 

( 75,217)[1227.639275][1249.355075][21.715800] 

  327: (640,179),(659,196)    3   25 

(640,179)[1035.425482][1044.230333][8.804852] (647,191)[617.032154][626.533127][9.500973] (654,197)[471.796055][474.832564][3.036510] 

  422: (497,273),(498,279)    2    8 

(497,273)[197.089239][199.755596][2.666357] (499,274)[402.242032][420.888762][18.646731] 

  233: (515,105),(510,114)    3   10 

(515,105)[257.511826][269.458032][11.946206] (512,108)[282.145268][288.762198][6.616930] (513,111)[292.833195][294.911706][2.078511] 

  464: (692,360),(708,361)    2   17 

(692,360)[844.007745][859.713108][15.705363] (703,359)[437.651902][442.577196][4.925294] 

  333: (536,184),(545,200)    1   17 

(536,184)[1336.290856][1356.830564][20.539708] 

  476: (644,378),(654,386)    1   11 

(644,378)[719.330075][739.821644][20.491569] 

  123: (387,380),(403,390)    3   19 

(387,380)[520.420506][526.604679][6.184173] (393,384)[534.559606][541.254519][6.694913] (397,390)[531.284781][538.557359][7.272578] 

  212: (576, 81),(558, 87)    3   23 

(576, 81)[908.869376][918.898442][10.029066] (565, 90)[573.220481][578.600503][5.380022] (558, 91)[335.595187][340.296326][4.701138] 

  277: (  3,144),( 14,148)    2   12 

(  3,144)[437.962726][446.323767][8.361041] (  8,148)[529.268248][540.968866][11.700619] 

   37: (386, 96),(376,104)    1   11 

(386, 96)[673.580282][693.454293][19.874012] 

   10: (642, 30),(639, 21)    1   10 

(642, 30)[572.286037][591.991096][19.705059] 

  296: (333,161),(350,161)    2   18 

(333,161)[286.912639][290.961762][4.049124] (336,163)[1083.960629][1099.587817][15.627188] 

   79: (196,202),(183,195)    1   14 

(196,202)[957.466052][977.072854][19.606802] 

  508: (728,468),(740,479)    2   15 

(728,468)[631.412155][643.570338][12.158183] (736,473)[516.388339][523.476595][7.088256] 

   16: (202, 47),(176, 39)    4   33 

(202, 47)[735.182821][738.238437][3.055615] (193, 47)[904.798690][910.980680][6.181991] (188, 36)[770.294728][777.490090][7.195362] (179, 37)[309.568447][312.252828][2.684381] 

  343: (423,190),(407,211)    2   22 

(423,190)[465.753551][472.504779][6.751228] (423,195)[1225.768686][1237.976190][12.207503] 

  118: (522,351),(496,345)    3   27 

(522,351)[831.924085][835.218987][3.294902] (511,341)[332.290383][339.893270][7.602887] (507,341)[804.408851][812.465367][8.056517] 

  514: (  1,545),( 37,551)    2   37 

(  1,545)[599.229782][607.879032][8.649250] (  8,545)[2317.599816][2327.887000][10.287184] 

   98: (563,295),(546,292)    1   18 

(563,295)[1358.117537][1376.982495][18.864959] 

  247: (361,115),(373,119)    2   14 

(361,115)[749.863899][761.376481][11.512582] (370,115)[390.015986][397.344075][7.328089] 

  509: ( 25,472),( 11,479)    1   15 

( 25,472)[1083.680124][1102.083578][18.403454] 

  428: (398,287),(383,294)    2   16 

(398,287)[288.420493][290.314341][1.893847] (395,287)[906.084438][922.515420][16.430982] 

   82: (538,225),(545,222)    1    8 

(538,225)[544.239961][562.522840][18.282879] 

  276: (  6,143),( 17,147)    2   12 

(  6,143)[678.082092][691.716294][13.634202] ( 14,144)[275.480922][280.096171][4.615250] 

  339: (143,189),(133,193)    1   11 

(143,189)[850.170547][868.101139][17.930592] 

  330: (531,183),(512,190)    1   20 

(531,183)[1433.199599][1450.978297][17.778698] 

  335: (651,184),(656,194)    1   11 

(651,184)[843.097115][860.717244][17.620130] 

  297: (  3,167),( 11,165)    3   11 

(  3,167)[222.357912][226.198317][3.840405] (  3,165)[295.563605][300.643457][5.079852] (  6,162)[459.640473][468.274262][8.633789] 

   42: (634,106),(632, 96)    2   11 

(634,106)[611.001203][624.602563][13.601360] (631, 99)[313.106116][317.012159][3.906043] 

  183: (329, 41),(332, 49)    1    9 

(329, 41)[628.641485][645.715429][17.073944] 

  140: (347,624),(372,630)    2   26 

(347,624)[599.261920][602.733429][3.471509] (354,627)[1441.426818][1454.868492][13.441674] 

  177: (472, 34),(479, 34)    1    8 

(472, 34)[557.503558][573.828497][16.324939] 

  306: (  6,168),( 12,168)    1    7 

(  6,168)[517.279310][533.273664][15.994353] 

  519: ( 62,588),( 49,590)    2   14 

( 62,588)[502.003903][506.642164][4.638261] ( 56,591)[585.359365][596.543030][11.183665] 

  545: (410,665),(435,665)    1   26 

(410,665)[1954.293044][1969.881754][15.588710] 

  107: (618,307),(636,317)    2   19 

(618,307)[893.975373][906.004395][12.029022] (629,310)[581.271115][584.328434][3.057319] 

  427: (406,289),(426,305)    2   31 

(406,289)[849.004968][853.150942][4.145974] (416,285)[1635.588821][1646.260193][10.671371] 

  142: (372,630),(403,627)    3   32 

(372,630)[1371.091313][1378.758450][7.667136] (389,635)[527.472629][531.480686][4.008058] (395,635)[684.374490][687.508603][3.134113] 

  129: (116,474),(108,473)    1    9 

(116,474)[624.908753][639.658728][14.749974] 

   33: (386, 96),(390, 87)    2   10 

(386, 96)[370.099713][380.246723][10.147010] (386, 91)[312.444576][316.789605][4.345029] 

  187: (  9, 47),(  1, 48)    1    9 

(  9, 47)[560.797120][574.960895][14.163774] 

   71: (442,191),(435,191)    1    8 

(442,191)[535.684893][549.707155][14.022263] 

  165: (288, 14),(304, 15)    1   17 

(288, 14)[1259.581482][1273.454125][13.872643] 

  216: (515, 86),(520, 95)    1   10 

(515, 86)[727.408475][741.210881][13.802406] 

  405: (466,256),(477,285)    1   30 

(466,256)[2420.751749][2434.440082][13.688333] 

   27: ( 92, 91),( 93, 85)    1    7 

( 92, 91)[458.069709][471.543595][13.473886] 

  119: (522,351),(535,355)    2   15 

(522,351)[833.181490][842.430736][9.249246] (532,351)[369.914525][373.952195][4.037670] 

  413: (450,264),(456,280)    1   17 

(450,264)[1270.921275][1283.809239][12.887964] 

  110: (609,319),(612,325)    1    7 

(609,319)[483.242903][496.122948][12.880045] 

  432: (479,297),(489,301)    2   13 

(479,297)[595.497893][604.245704][8.747810] (486,296)[446.473290][450.587431][4.114141] 

  120: (522,351),(532,357)    2   11 

(522,351)[528.989010][536.617592][7.628582] (528,357)[380.592415][385.696795][5.104380] 

  245: ( 76,114),( 80,120)    1    7 

( 76,114)[545.929018][558.615254][12.686236] 

  134: (114,541),(120,546)    1    7 

(114,541)[474.930659][487.517072][12.586412] 

  102: (563,295),(568,303)    1    9 

(563,295)[657.227879][669.319160][12.091282] 

  388: ( 68,236),( 61,237)    1    8 

( 68,236)[600.041604][611.804994][11.763390] 

  204: ( 45, 74),( 58, 73)    2   14 

( 45, 74)[368.034967][371.587308][3.552341] ( 49, 72)[731.396608][739.577718][8.181109] 

  253: (358,119),(355,122)    3   18 

(358,119)[631.104136][634.523544][3.419409] (364,126)[388.853919][394.344409][5.490490] (360,128)[555.334145][557.969767][2.635622] 

  264: (112,128),(124,145)    1   18 

(112,128)[1348.582949][1360.082590][11.499641] 

  301: (158,164),(169,183)    1   20 

(158,164)[1614.306514][1625.590281][11.283768] 

  234: (737,105),(741,112)    3   19 

(737,105)[300.806586][303.818093][3.011507] (740,107)[621.248478][625.075344][3.826866] (733,111)[696.267491][700.442251][4.174760] 

  465: (661,360),(670,370)    1   11 

(661,360)[775.415648][785.975391][10.559744] 

  196: (  1, 57),(  8, 57)    1    8 

(  1, 57)[540.680966][551.136139][10.455173] 

  477: (399,380),(402,388)    3   10 

(399,380)[231.748322][232.600823][0.852501] (401,381)[450.686330][457.677667][6.991337] (403,386)[230.117931][232.529395][2.411464] 

  155: (543,  3),(545, 15)    2   13 

(543,  3)[359.451124][362.823609][3.372485] (539,  7)[665.447904][672.284911][6.837008] 

  360: (177,208),(181,216)    1    9 

(177,208)[688.079458][698.254709][10.175251] 

  480: (410,393),(413,400)    1    8 

(410,393)[594.822860][604.763791][9.940931] 

  209: (506, 78),(509, 86)    1    9 

(506, 78)[693.079328][703.006499][9.927172] 

   21: (329, 81),(319, 80)    2   11 

(329, 81)[425.849516][431.593073][5.743557] (324, 79)[397.208597][401.241302][4.032705] 

  532: (251,627),(266,628)    2   16 

(251,627)[906.356258][911.287535][4.931276] (262,626)[375.497365][380.329177][4.831812] 

  415: (426,266),(420,268)    1    7 

(426,266)[480.150280][489.693089][9.542809] 

   28: ( 92, 91),( 83, 98)    2   13 

( 92, 91)[450.986478][456.610809][5.624331] ( 89, 97)[464.564497][468.473064][3.908567] 

   24: ( 92, 91),( 85, 91)    1    8 

( 92, 91)[557.993039][567.473398][9.480359] 

  139: (347,624),(323,619)    3   25 

(347,624)[457.242892][461.071528][3.828636] (342,624)[607.092363][609.010282][1.917918] (335,621)[1002.927867][1006.464787][3.536920] 

  321: (532,176),(535,182)    1    7 

(532,176)[550.318344][559.554990][9.236646] 

  325: (137,179),(129,182)    1    9 

(137,179)[695.166356][704.363605][9.197248] 

  473: (694,369),(685,371)    1   10 

(694,369)[737.107042][746.260196][9.153153] 

  294: (484,160),(493,176)    2   19 

(484,160)[856.933075][861.893291][4.960217] (485,170)[705.456827][709.447578][3.990751] 

  504: (  8,448),(  1,450)    2    8 

(  8,448)[471.121174][477.087881][5.966707] (  3,451)[233.819770][236.450004][2.630234] 

  475: (348,374),(352,384)    2   11 

(348,374)[640.146568][642.153841][2.007273] (352,381)[304.138435][310.578813][6.440377] 

  518: (180,584),(190,587)    2   11 

(180,584)[297.347586][300.107577][2.759992] (183,586)[602.286781][607.780062][5.493280] 

  186: (671, 45),(674, 61)    2   18 

(671, 45)[936.692041][943.902128][7.210087] (680, 56)[551.400362][552.408530][1.008168] 

  469: (385,364),(363,368)    1   23 

(385,364)[1815.149838][1823.239346][8.089507] 

  230: (500,102),(505,111)    1   10 

(500,102)[760.586430][768.581012][7.994582] 

  103: (618,307),(624,303)    1    7 

(618,307)[490.838378][498.826649][7.988271] 

  511: (  9,485),(  1,487)    1    9 

(  9,485)[640.488265][648.471118][7.982853] 

  555: (724,716),(715,718)    1   10 

(724,716)[741.250608][749.216522][7.965914] 

   36: (338, 95),(341,103)    1    9 

(338, 95)[698.594564][706.327049][7.732485] 

   52: (709,123),(702,130)    1    8 

(709,123)[507.567314][515.109231][7.541917] 

  398: (625,247),(617,251)    1    9 

(625,247)[687.558972][695.013062][7.454089] 

  528: ( 65,620),( 53,622)    1   13 

( 65,620)[969.535789][976.986078][7.450289] 

  334: (631,184),(638,187)    2    8 

(631,184)[482.047609][485.440351][3.392742] (636,185)[233.595671][237.446564][3.850893] 

  561: (288,271),(292,274)    1  157417536 

(288,271)[318.482731][325.655339][7.172608] 

  295: (604,161),(593,165)    3   15 

(604,161)[895.523302][899.243158][3.719856] (594,161)[237.862574][241.036282][3.173708] (592,163)[248.410518][248.663252][0.252734] 

  224: (  1, 98),( 13, 98)    1   13 

(  1, 98)[996.228062][1003.235923][7.007861] 

    3: (100,  9),(106,  6)    1    7 

(100,  9)[508.372135][515.269054][6.896919] 

   20: ( 26, 57),( 38, 70)    2   16 

( 26, 57)[362.079478][363.461874][1.382396] ( 27, 61)[852.158234][857.669790][5.511557] 

   96: (401,248),(393,246)    1    9 

(401,248)[666.225266][672.996217][6.770951] 

  221: (638, 92),(646,107)    1   16 

(638, 92)[1276.200850][1282.834741][6.633891] 

   81: (196,202),(190,203)    1    7 

(196,202)[505.013391][511.514183][6.500793] 

  412: ( 13,263),(  7,276)    2   14 

( 13,263)[723.810243][727.268207][3.457964] (  8,271)[475.585547][478.585872][3.000324] 

  182: ( 91, 41),( 81, 43)    1   11 

( 91, 41)[834.160090][840.179814][6.019724] 

  326: (202,179),(213,193)    1   15 

(202,179)[1183.426083][1189.407155][5.981072] 

   45: (634,106),(626,106)    1    9 

(634,106)[624.426821][630.210271][5.783450] 

   97: (401,248),(405,256)    2   11 

(401,248)[475.584598][478.628887][3.044290] (400,253)[477.482356][480.198792][2.716435] 

  109: (609,319),(616,317)    2    8 

(609,319)[299.854079][302.792066][2.937986] (612,316)[379.705430][382.501281][2.795851] 

  540: (490,646),(480,654)    1   11 

(490,646)[823.542594][829.170993][5.628399] 

  137: (237,584),(227,593)    1   11 

(237,584)[826.010176][831.527416][5.517241] 

  115: (691,344),(678,333)    2   15 

(691,344)[626.016562][628.835132][2.818569] (684,336)[497.643766][500.193648][2.549882] 

   22: (329, 81),(337, 79)    1    9 

(329, 81)[659.604216][664.874471][5.270255] 

  279: ( 50,145),( 55,153)    2   10 

( 50,145)[304.601731][305.476578][0.874846] ( 53,147)[530.482675][534.701889][4.219214] 

  286: (599,153),(598,158)    1    6 

(599,153)[463.736388][468.810143][5.073754] 
